# Image list generated by blender-exporter-colmap
1 0.7071067094802856 0.7071067690849304 0.0002606828638818115 -0.00026076717767864466 0.006522882729768753 -1.0556486813584343e-06 10.374154090881348 1 frame_1.jpg

2 0.7071067690849304 0.7071067094802856 0.00027594779385253787 -0.0002759899653028697 0.0069689699448645115 5.236667561803188e-07 10.373437881469727 1 frame_2.jpg

3 0.7071067094802856 0.7071067094802856 0.00030131207313388586 -0.0003014385001733899 0.007712314371019602 2.1890681978220528e-07 10.372244834899902 1 frame_3.jpg

4 0.7071066498756409 0.7071067094802856 0.00033679159241728485 -0.00033691804856061935 0.00875009223818779 -2.508864156425261e-07 10.370577812194824 1 frame_4.jpg

5 0.7071065902709961 0.7071067094802856 0.00038233562372624874 -0.00038241990841925144 0.010081149637699127 -9.296456369156658e-07 10.368440628051758 1 frame_5.jpg

6 0.7071066498756409 0.7071066498756409 0.00043787824688479304 -0.0004379203892312944 0.011703814379870892 -1.2582796671267715e-07 10.365833282470703 1 frame_6.jpg

7 0.7071065902709961 0.7071065902709961 0.0005033897468820214 -0.0005033897468820214 0.013616775162518024 3.439213003275654e-07 10.362756729125977 1 frame_7.jpg

8 0.7071064710617065 0.7071065902709961 0.0005787918344140053 -0.0005788761773146689 0.01581907644867897 -1.3486830994224874e-06 10.359213829040527 1 frame_8.jpg

9 0.7071064114570618 0.7071064710617065 0.0006641008076258004 -0.000664185150526464 0.0183075163513422 -5.2866866440126614e-08 10.355205535888672 1 frame_9.jpg

10 0.707106351852417 0.707106351852417 0.000759250542614609 -0.0007592926849611104 0.02108011022210121 6.344578196149087e-07 10.350735664367676 1 frame_10.jpg

11 0.7071061730384827 0.7071062922477722 0.0008641780004836619 -0.0008642622851766646 0.024136127904057503 -1.147953980762395e-06 10.345803260803223 1 frame_11.jpg

12 0.7071060538291931 0.7071061134338379 0.0009788930183276534 -0.0009789351606741548 0.02747257612645626 -2.888340873141715e-07 10.340411186218262 1 frame_12.jpg

13 0.7071058750152588 0.7071059346199036 0.0011033471673727036 -0.0011033894261345267 0.03108900599181652 -4.1833584418782266e-07 10.334562301635742 1 frame_13.jpg

14 0.7071056365966797 0.7071056962013245 0.0012374361976981163 -0.0012375205988064408 0.03498140349984169 6.091957516218827e-08 10.328254699707031 1 frame_14.jpg

15 0.7071054577827454 0.7071053981781006 0.0013811786193400621 -0.0013812207616865635 0.039147451519966125 9.929350426318706e-07 10.321495056152344 1 frame_15.jpg

16 0.7071050405502319 0.7071051597595215 0.0015345050487667322 -0.0015345894498750567 0.04358648136258125 -1.2772595709975576e-06 10.314279556274414 1 frame_16.jpg

17 0.7071046829223633 0.7071048021316528 0.0016974109457805753 -0.0016974530881270766 0.04829475283622742 -1.7014596096487367e-06 10.306614875793457 1 frame_17.jpg

18 0.7071042656898499 0.7071043252944946 0.0018698048079386353 -0.0018699313513934612 0.05327142775058746 -4.836870743929467e-07 10.298498153686523 1 frame_18.jpg

19 0.7071037888526917 0.7071037888526917 0.002051715971902013 -0.002051758114248514 0.05851177126169205 4.5445796104104375e-07 10.289932250976562 1 frame_19.jpg

20 0.7071031928062439 0.7071031928062439 0.0022430475801229477 -0.002243089722469449 0.06401528418064117 8.898355190467555e-07 10.280920028686523 1 frame_20.jpg

21 0.7071025371551514 0.7071025967597961 0.0024437522515654564 -0.0024437943939119577 0.0697779580950737 -1.1190394388904679e-06 10.271464347839355 1 frame_21.jpg

22 0.7071017622947693 0.7071018218994141 0.0026538153178989887 -0.0026538576930761337 0.07579784840345383 -6.052548542356817e-07 10.26156234741211 1 frame_22.jpg

23 0.7071000337600708 0.7071000337600708 0.0030882353894412518 -0.003088277531787753 0.088423952460289 9.844874426789829e-08 10.251165390014648 1 frame_23.jpg

24 0.7070972919464111 0.7070973515510559 0.0036579964216798544 -0.0036581228487193584 0.10500960797071457 -9.508610219199909e-07 10.240279197692871 1 frame_24.jpg

25 0.7070940136909485 0.7070939540863037 0.004250801634043455 -0.004250843543559313 0.12222665548324585 1.4408674360311124e-06 10.228924751281738 1 frame_25.jpg

26 0.7070900201797485 0.7070900797843933 0.0048664226196706295 -0.0048665497452020645 0.1400689333677292 -1.3126302746968577e-06 10.217101097106934 1 frame_26.jpg

27 0.707085371017456 0.7070853114128113 0.005504898726940155 -0.0055049411021173 0.158528134226799 1.1840808156193816e-06 10.204808235168457 1 frame_27.jpg

28 0.7070798873901367 0.7070798873901367 0.006166036240756512 -0.006166120525449514 0.17759819328784943 2.4071215420917724e-07 10.192041397094727 1 frame_28.jpg

29 0.7070735692977905 0.7070736289024353 0.006849780213087797 -0.006849907338619232 0.19727084040641785 -7.721079100520001e-07 10.178801536560059 1 frame_29.jpg

30 0.7070663571357727 0.7070664167404175 0.007556104566901922 -0.007556188851594925 0.2175390124320984 -2.780496686227707e-07 10.165084838867188 1 frame_30.jpg

31 0.7070582509040833 0.7070581912994385 0.008284722454845905 -0.00828480627387762 0.23839117586612701 1.5453629202966113e-06 10.150893211364746 1 frame_31.jpg

32 0.7070489525794983 0.7070490717887878 0.009035659953951836 -0.009035743772983551 0.25982213020324707 -7.013931622168457e-07 10.136222839355469 1 frame_32.jpg

33 0.7070387005805969 0.7070388197898865 0.009808838367462158 -0.009808965027332306 0.2818247377872467 -2.196982904933975e-06 10.121071815490723 1 frame_33.jpg

34 0.7070273160934448 0.7070272564888 0.010604058392345905 -0.010604143142700195 0.30438587069511414 2.1681940154394397e-07 10.105439186096191 1 frame_34.jpg

35 0.7070145606994629 0.7070145606994629 0.011421343311667442 -0.01142146997153759 0.3275027871131897 -7.87990302342223e-07 10.089319229125977 1 frame_35.jpg

36 0.7069951295852661 0.7069950699806213 0.012567590922117233 -0.012567632831633091 0.36038994789123535 5.164711751604045e-07 10.072402954101562 1 frame_36.jpg

37 0.7069728374481201 0.7069728374481201 0.013763547874987125 -0.013763632625341415 0.3946220278739929 -6.136237402643019e-07 10.054914474487305 1 frame_37.jpg

38 0.7069478631019592 0.7069478631019592 0.014989648014307022 -0.014989731833338737 0.429598867893219 5.37923654064798e-07 10.036864280700684 1 frame_38.jpg

39 0.7069201469421387 0.7069200873374939 0.016245633363723755 -0.016245635226368904 0.4653034806251526 1.39311066504888e-06 10.018247604370117 1 frame_39.jpg

40 0.7068894505500793 0.7068893909454346 0.017531324177980423 -0.017531409859657288 0.5017250180244446 7.729707363068883e-07 9.999058723449707 1 frame_40.jpg

41 0.7068555951118469 0.7068555951118469 0.018846774473786354 -0.018846817314624786 0.5388514399528503 -6.972278470129822e-07 9.979289054870605 1 frame_41.jpg

42 0.7068184018135071 0.7068184614181519 0.020191572606563568 -0.020191701129078865 0.5766648054122925 -8.431520654994529e-07 9.958931922912598 1 frame_42.jpg

43 0.7067778706550598 0.706777811050415 0.02156578190624714 -0.021565867587924004 0.615153431892395 7.788694347254932e-07 9.937982559204102 1 frame_43.jpg

44 0.7067356109619141 0.7067355513572693 0.022909456863999367 -0.0229094997048378 0.6529253721237183 3.029370532203757e-07 9.916544914245605 1 frame_44.jpg

45 0.7066914439201355 0.7066915035247803 0.024231331422924995 -0.02423141896724701 0.6901828646659851 -8.507255984113726e-07 9.894608497619629 1 frame_45.jpg

46 0.7066438794136047 0.7066439986228943 0.02558000013232231 -0.025580087676644325 0.7280375361442566 -1.6184404785235529e-06 9.872084617614746 1 frame_46.jpg

47 0.7065927982330322 0.706592857837677 0.026955340057611465 -0.026955468580126762 0.7664774656295776 -1.2676215419560322e-06 9.848969459533691 1 frame_47.jpg

48 0.7065379023551941 0.7065379619598389 0.028357340022921562 -0.028357384726405144 0.805489718914032 -6.507562488877738e-07 9.825250625610352 1 frame_48.jpg

49 0.7064791321754456 0.7064791917800903 0.02978583052754402 -0.02978583052754402 0.845061719417572 -8.679505185682501e-07 9.800929069519043 1 frame_49.jpg

50 0.7064201235771179 0.7064200639724731 0.031155094504356384 -0.031155137345194817 0.8828966021537781 9.92837726698781e-07 9.776209831237793 1 frame_50.jpg

51 0.7063742876052856 0.7063744068145752 0.03217548877000809 -0.03217553347349167 0.9112922549247742 -1.3245131640360341e-06 9.751867294311523 1 frame_51.jpg

52 0.7063262462615967 0.7063263654708862 0.03321381285786629 -0.03321385383605957 0.940051794052124 -1.850973603723105e-06 9.727010726928711 1 frame_52.jpg

53 0.7062758207321167 0.7062758803367615 0.03427005559206009 -0.03427010029554367 0.9691680073738098 -1.1504190524647129e-06 9.701642036437988 1 frame_53.jpg

54 0.7062228918075562 0.7062229514122009 0.03534401208162308 -0.03534410148859024 0.9986281394958496 -1.2214234175189631e-06 9.675759315490723 1 frame_54.jpg

55 0.7061712145805359 0.7061712741851807 0.03636122867465019 -0.036361318081617355 1.0264049768447876 -2.7413054226599343e-07 9.64957332611084 1 frame_55.jpg

56 0.706167459487915 0.7061673402786255 0.0364362932741642 -0.036436423659324646 1.0285621881484985 1.43719705647527e-06 9.625715255737305 1 frame_56.jpg

57 0.7061634659767151 0.7061634659767151 0.036512620747089386 -0.03651266545057297 1.0307433605194092 -2.999904040734691e-07 9.601479530334473 1 frame_57.jpg

58 0.7061594128608704 0.7061594724655151 0.03659006208181381 -0.036590106785297394 1.032947063446045 -7.047420922390302e-07 9.57686996459961 1 frame_58.jpg

59 0.7061554193496704 0.7061553001403809 0.036668676882982254 -0.036668721586465836 1.0351732969284058 1.8598700535221724e-06 9.551889419555664 1 frame_59.jpg

60 0.7062243223190308 0.7062244415283203 0.03531487658619881 -0.03531495854258537 0.9985840320587158 -2.0765551198564935e-06 9.530672073364258 1 frame_60.jpg

61 0.7063088417053223 0.7063088417053223 0.033583544194698334 -0.033583588898181915 0.9519731998443604 -7.161210078265867e-07 9.509971618652344 1 frame_61.jpg

62 0.7063901424407959 0.7063901424407959 0.031827833503484726 -0.031827960163354874 0.9049451947212219 -1.0072255918203155e-06 9.48874568939209 1 frame_62.jpg

63 0.7064809799194336 0.7064809799194336 0.02974272519350052 -0.02974276803433895 0.8492392897605896 -1.406629337452614e-07 9.46772289276123 1 frame_63.jpg

64 0.7066501379013062 0.7066501975059509 0.025406980887055397 -0.02540702559053898 0.7329658269882202 -3.5547913057598635e-07 9.450868606567383 1 frame_64.jpg

65 0.7067945003509521 0.7067945599555969 0.021011972799897194 -0.02101209945976734 0.6156829595565796 -1.111837150347128e-06 9.43233871459961 1 frame_65.jpg

66 0.7069128751754761 0.7069128751754761 0.016558414325118065 -0.016558457165956497 0.49744322896003723 7.967577886347499e-08 9.412080764770508 1 frame_66.jpg

67 0.7070411443710327 0.7070410847663879 0.009637262672185898 -0.009637389332056046 0.3130550682544708 4.629767715869093e-07 9.392396926879883 1 frame_67.jpg

68 0.7071033120155334 0.7071033120155334 0.0022063041105866432 -0.0022063464857637882 0.11593204736709595 7.118561029528792e-07 9.368925094604492 1 frame_68.jpg

69 0.7070868015289307 0.7070868015289307 -0.005316987633705139 0.005316987633705139 -0.08248716592788696 -2.849780571523297e-07 9.340962409973145 1 frame_69.jpg

70 0.7069506645202637 0.7069507837295532 -0.014854381792247295 0.014854298904538155 -0.33449235558509827 -1.1394704415579326e-06 9.306676864624023 1 frame_70.jpg

71 0.7066699266433716 0.706669807434082 -0.024853583425283432 0.024853501468896866 -0.5972073674201965 1.6041864228100167e-06 9.264474868774414 1 frame_71.jpg

72 0.7062416672706604 0.70624178647995 -0.03496560454368591 0.03496552258729935 -0.8608614802360535 -9.087447665478976e-07 9.214251518249512 1 frame_72.jpg

73 0.7056089043617249 0.7056088447570801 -0.04600163921713829 0.046001553535461426 -1.148831844329834 2.760883717201068e-07 9.153142929077148 1 frame_73.jpg

74 0.7047916054725647 0.7047916054725647 -0.05717313662171364 0.05717300996184349 -1.4376616477966309 7.236626515805256e-07 9.082120895385742 1 frame_74.jpg

75 0.7037949562072754 0.7037949562072754 -0.06835697591304779 0.0683569386601448 -1.724138617515564 -2.119176087944652e-07 9.00154972076416 1 frame_75.jpg

76 0.7026925086975098 0.7026925086975098 -0.07888781279325485 0.07888777554035187 -1.9933068752288818 -7.857072432670975e-07 8.91517448425293 1 frame_76.jpg

77 0.7014178037643433 0.7014179229736328 -0.08951505273580551 0.08951497822999954 -2.2617108821868896 -6.223269224392425e-07 8.819708824157715 1 frame_77.jpg

78 0.7001408338546753 0.7001408934593201 -0.0990089401602745 0.09900881350040436 -2.498837947845459 -2.909955583163537e-07 8.723852157592773 1 frame_78.jpg

79 0.6997570395469666 0.6997569799423218 -0.1016865223646164 0.10168648511171341 -2.566603899002075 5.019724653720914e-07 8.67279052734375 1 frame_79.jpg

80 0.699358344078064 0.699358344078064 -0.10439322143793106 0.10439317673444748 -2.6344962120056152 -5.187301894693519e-07 8.620645523071289 1 frame_80.jpg

81 0.6989445090293884 0.6989444494247437 -0.1071290522813797 0.1071290522813797 -2.7024950981140137 4.090525749234075e-07 8.56740665435791 1 frame_81.jpg

82 0.7005801796913147 0.7005802392959595 -0.09585083276033401 0.09585075080394745 -2.4254488945007324 -6.798102276661666e-07 8.617371559143066 1 frame_82.jpg

83 0.70208340883255 0.7020834684371948 -0.08413591980934143 0.08413584530353546 -2.1378214359283447 -6.586700465049944e-07 8.660605430603027 1 frame_83.jpg

84 0.7034025192260742 0.703402578830719 -0.07228325307369232 0.07228321582078934 -1.8472119569778442 -9.076366040972061e-07 8.694557189941406 1 frame_84.jpg

85 0.7053031325340271 0.7053031325340271 -0.050472747534513474 0.05047266557812691 -1.305187702178955 2.7610685293666393e-08 8.75859546661377 1 frame_85.jpg

86 0.7065646648406982 0.7065646052360535 -0.027683941647410393 0.027683941647410393 -0.738821268081665 1.0231740361632546e-06 8.790616989135742 1 frame_86.jpg

87 0.7070938944816589 0.7070938348770142 -0.0042743803933262825 0.004274296574294567 -0.15707920491695404 6.926064202161797e-07 8.786113739013672 1 frame_87.jpg

88 0.7068219184875488 0.7068219184875488 0.020068496465682983 -0.020068582147359848 0.44750621914863586 4.883484052697895e-07 8.7415132522583 1 frame_88.jpg

89 0.705711841583252 0.7057119607925415 0.044392384588718414 -0.04439247399568558 1.0456757545471191 -1.0991718681907514e-06 8.655197143554688 1 frame_89.jpg

90 0.7040100693702698 0.7040099501609802 0.06610516458749771 -0.06610517203807831 1.5768165588378906 1.6735672261347645e-06 8.539196014404297 1 frame_90.jpg

91 0.7016165852546692 0.7016165852546692 0.0879441574215889 -0.08794420212507248 2.1021432876586914 -2.6413630394017673e-07 8.389328002929688 1 frame_91.jpg

92 0.6995202302932739 0.6995203495025635 0.10330238193273544 -0.10330251604318619 2.468207597732544 -2.222075181634864e-06 8.253314971923828 1 frame_92.jpg

93 0.6971474885940552 0.6971474885940552 0.11825969815254211 -0.1182597354054451 2.8183422088623047 2.430655854368524e-07 8.103944778442383 1 frame_93.jpg

94 0.6960719227790833 0.6960719227790833 0.12443424016237259 -0.12443424761295319 2.9619863033294678 -6.257564422185169e-08 8.016292572021484 1 frame_94.jpg

95 0.6953769326210022 0.6953769326210022 0.12826120853424072 -0.12826129794120789 3.0500645637512207 -6.652070965174062e-07 7.946499347686768 1 frame_95.jpg

96 0.6963551044464111 0.6963551044464111 0.12283960729837418 -0.12283968925476074 2.926654100418091 -3.5488508842718147e-07 7.95604944229126 1 frame_96.jpg

97 0.6983698606491089 0.6983698606491089 0.11081305146217346 -0.11081310361623764 2.651613712310791 -1.075527862326453e-07 8.0149564743042 1 frame_97.jpg

98 0.701238751411438 0.701238751411438 0.09090770035982132 -0.09090778231620789 2.1936535835266113 -1.9706126863638929e-07 8.115193367004395 1 frame_98.jpg

99 0.7047156095504761 0.7047157287597656 0.05810178816318512 -0.058101836591959 1.4295318126678467 -1.3720640481551527e-06 8.246477127075195 1 frame_99.jpg

100 0.7068413496017456 0.7068414688110352 0.019369730725884438 -0.019369859248399734 0.5210913419723511 -9.026077236740093e-07 8.315502166748047 1 frame_100.jpg

101 0.7065255641937256 0.7065255641937256 -0.02866399846971035 0.028663871809840202 -0.6076338291168213 1.4759913824491377e-07 8.271048545837402 1 frame_101.jpg

102 0.7029364109039307 0.7029363512992859 -0.07668428122997284 0.07668420672416687 -1.7231595516204834 2.992378824728803e-07 8.073448181152344 1 frame_102.jpg

103 0.6960495710372925 0.6960495114326477 -0.12455936521291733 0.12455937266349792 -2.8042306900024414 6.63797436573077e-07 7.72410774230957 1 frame_103.jpg

104 0.6915735602378845 0.6915735006332397 -0.14739775657653809 0.1473977267742157 -3.3079171180725098 5.431096994357176e-08 7.483687400817871 1 frame_104.jpg

105 0.6867632865905762 0.6867632269859314 -0.16839323937892914 0.16839319467544556 -3.7573249340057373 3.282333693732653e-08 7.228785037994385 1 frame_105.jpg

106 0.6888658404350281 0.6888657808303833 -0.15957409143447876 0.15957404673099518 -3.572003126144409 9.673402701082523e-07 7.282883644104004 1 frame_106.jpg

107 0.691055417060852 0.691055417060852 -0.14980782568454742 0.14980779588222504 -3.3668482303619385 5.638279958475323e-07 7.3409857749938965 1 frame_107.jpg

108 0.6931201219558716 0.6931201815605164 -0.13994456827640533 0.13994453847408295 -3.1598598957061768 -9.612856501917122e-07 7.393680572509766 1 frame_108.jpg

109 0.6965240240097046 0.6965240836143494 -0.12187802791595459 0.1218779981136322 -2.7725539207458496 -7.246403583849315e-07 7.507451057434082 1 frame_109.jpg

110 0.7004904747009277 0.7004905343055725 -0.0965040847659111 0.09650405496358871 -2.2207274436950684 -3.3513646258143126e-07 7.647906303405762 1 frame_110.jpg

111 0.7035498023033142 0.703549861907959 -0.07083546370267868 0.0708354189991951 -1.659470796585083 -1.0207315881416434e-06 7.748600959777832 1 frame_111.jpg

112 0.705761730670929 0.7057617902755737 -0.04359293356537819 0.04359280690550804 -1.0567936897277832 -5.740041046919941e-07 7.812334060668945 1 frame_112.jpg

113 0.7069385051727295 0.706938624382019 -0.015423404052853584 0.015423279255628586 -0.4320814609527588 -1.4922096625014092e-06 7.829930305480957 1 frame_113.jpg

114 0.7069956660270691 0.7069957852363586 0.01253302488476038 -0.012533110566437244 0.18432454764842987 -1.848525812420121e-06 7.7977752685546875 1 frame_114.jpg

115 0.7061269879341125 0.7061270475387573 0.037210412323474884 -0.03721053898334503 0.7288593053817749 -4.731995772999653e-07 7.723605632781982 1 frame_115.jpg

116 0.7043840289115906 0.7043840289115906 0.06199277937412262 -0.0619928278028965 1.267171859741211 4.548327581233025e-07 7.610866546630859 1 frame_116.jpg

117 0.7024245262145996 0.7024245858192444 0.0812387764453888 -0.08123890310525894 1.6813753843307495 -8.801731610219576e-07 7.487445831298828 1 frame_117.jpg

118 0.700236439704895 0.7002366781234741 0.09832972288131714 -0.0983298197388649 2.043625831604004 -2.419142447251943e-06 7.35357666015625 1 frame_118.jpg

119 0.6982007622718811 0.6982009410858154 0.11187291890382767 -0.11187306046485901 2.326103687286377 -2.05393303076562e-06 7.225637435913086 1 frame_119.jpg

120 0.6968625783920288 0.6968628168106079 0.1199265867471695 -0.11992667615413666 2.492736577987671 -2.91358901449712e-06 7.126430511474609 1 frame_120.jpg

121 0.6956042647361755 0.6956044435501099 0.1270219087600708 -0.12702199816703796 2.637087821960449 -1.949408215295989e-06 7.0303263664245605 1 frame_121.jpg

122 0.6958391070365906 0.6958392858505249 0.12572896480560303 -0.1257290095090866 2.6116139888763428 -1.4272496855483041e-06 6.996014595031738 1 frame_122.jpg

123 0.6960726976394653 0.6960728764533997 0.12442927062511444 -0.12442927062511444 2.5863096714019775 -1.3765310313829104e-06 6.961413860321045 1 frame_123.jpg

124 0.6977573037147522 0.6977574825286865 0.11460639536380768 -0.11460640281438828 2.389681577682495 -1.9484250515233725e-06 6.986993312835693 1 frame_124.jpg

125 0.6995255351066589 0.6995255351066589 0.1032668724656105 -0.10326692461967468 2.163473606109619 -4.7289123017435486e-07 7.016106605529785 1 frame_125.jpg

126 0.7019897103309631 0.7019898891448975 0.08491349220275879 -0.08491349965333939 1.7942932844161987 -1.5591044757456984e-06 7.074780464172363 1 frame_126.jpg

127 0.7043119072914124 0.7043120265007019 0.06280648708343506 -0.06280652433633804 1.3485956192016602 -1.3107874110573903e-06 7.1283278465271 1 frame_127.jpg

128 0.7061941623687744 0.706194281578064 0.03591232746839523 -0.035912372171878815 0.8035677671432495 -8.951898280429305e-07 7.165037631988525 1 frame_128.jpg

129 0.7070928812026978 0.7070929408073425 0.0044267438352108 -0.004426870495080948 0.1651763916015625 -3.5909755524698994e-07 7.162432670593262 1 frame_129.jpg

130 0.7065364718437195 0.7065365314483643 -0.028392812237143517 0.028392771258950233 -0.4966636002063751 -2.854787055639463e-07 7.101258277893066 1 frame_130.jpg

131 0.7042680382728577 0.7042680382728577 -0.06329713761806488 0.0632971003651619 -1.194421648979187 1.0044703202538585e-07 6.971275329589844 1 frame_131.jpg

132 0.7005634307861328 0.7005634307861328 -0.09597332775592804 0.09597320109605789 -1.832566499710083 3.283788032604207e-07 6.784080982208252 1 frame_132.jpg

133 0.697973370552063 0.6979733109474182 -0.1132839247584343 0.11328385025262833 -2.1687910556793213 3.6599956843019754e-07 6.638496398925781 1 frame_133.jpg

134 0.6949400901794434 0.6949400901794434 -0.13060738146305084 0.13060735166072845 -2.4966249465942383 -1.293670806035152e-07 6.475556373596191 1 frame_134.jpg

135 0.6947343945503235 0.6947343945503235 -0.13169704377651215 0.13169695436954498 -2.517772912979126 4.576349397211743e-07 6.42059326171875 1 frame_135.jpg

136 0.6963338255882263 0.6963337659835815 -0.1229604110121727 0.12296029180288315 -2.3580880165100098 7.280710292434378e-07 6.434543132781982 1 frame_136.jpg

137 0.6978300213813782 0.6978299021720886 -0.11416371166706085 0.1141635924577713 -2.1985549926757812 1.3904531215302995e-06 6.444587230682373 1 frame_137.jpg

138 0.6996592283248901 0.6996591687202454 -0.10235738754272461 0.10235726088285446 -1.9828734397888184 5.322971219356987e-07 6.467684268951416 1 frame_138.jpg

139 0.7026538252830505 0.7026538252830505 -0.07923126220703125 0.07923122495412827 -1.5514938831329346 2.0192548788600106e-07 6.53633975982666 1 frame_139.jpg

140 0.7048923969268799 0.7048924565315247 -0.0559166744351387 0.05591655522584915 -1.1177914142608643 -4.742321380035719e-07 6.576581001281738 1 frame_140.jpg

141 0.7063742280006409 0.7063741087913513 -0.032179877161979675 0.032179754227399826 -0.6760688424110413 1.0964464536300511e-06 6.588717460632324 1 frame_141.jpg

142 0.7070649862289429 0.7070649266242981 -0.007689904887229204 0.007689821533858776 -0.21787108480930328 7.474812946384191e-07 6.571105003356934 1 frame_142.jpg

143 0.7069044709205627 0.7069044709205627 0.016913529485464096 -0.016913656145334244 0.23655161261558533 -2.2632171692293923e-08 6.521623611450195 1 frame_143.jpg

144 0.7060330510139465 0.7060330510139465 0.03895319253206253 -0.03895323723554611 0.6422777771949768 -3.040342733129364e-07 6.4453125 1 frame_144.jpg

145 0.7045689225196838 0.7045689821243286 0.05985492467880249 -0.05985505133867264 1.0221327543258667 -9.88670990409446e-07 6.346730709075928 1 frame_145.jpg

146 0.7026793360710144 0.7026792168617249 0.07900500297546387 -0.07900521904230118 1.3639171123504639 1.2111457863284159e-06 6.232403755187988 1 frame_146.jpg

147 0.7009903192520142 0.7009902596473694 0.09280431270599365 -0.0928044468164444 1.6084398031234741 -1.1182630288431028e-07 6.124343395233154 1 frame_147.jpg

148 0.6990219354629517 0.6990219354629517 0.10662238299846649 -0.10662251710891724 1.847508430480957 -3.394368661702174e-07 6.006283283233643 1 frame_148.jpg

149 0.6980887651443481 0.6980887651443481 0.11257017403841019 -0.11257030069828033 1.9501410722732544 4.407212728096965e-08 5.92394495010376 1 frame_149.jpg

150 0.6972498893737793 0.6972498297691345 0.1176547259092331 -0.11765485256910324 2.036494493484497 1.295239400178616e-07 5.844677925109863 1 frame_150.jpg

151 0.6974157094955444 0.6974157094955444 0.11666759103536606 -0.1166677325963974 2.020379066467285 -3.9362763004646695e-07 5.800015449523926 1 frame_151.jpg

152 0.6981982588768005 0.6981982588768005 0.11188916862010956 -0.11188925802707672 1.9419406652450562 -1.8484952590824832e-07 5.776557922363281 1 frame_152.jpg

153 0.6996262073516846 0.699626088142395 0.10258270800113678 -0.10258284211158752 1.7886793613433838 1.1647166502370965e-06 5.7754740715026855 1 frame_153.jpg

154 0.7017918825149536 0.7017919421195984 0.08653398603200912 -0.08653407543897629 1.524013876914978 -9.223410870617954e-07 5.800375938415527 1 frame_154.jpg

155 0.7038928270339966 0.7038928270339966 0.06734155118465424 -0.06734159588813782 1.207808256149292 -3.4716677532742324e-08 5.823918342590332 1 frame_155.jpg

156 0.7060051560401917 0.7060050964355469 0.03945587947964668 -0.03945600986480713 0.745527446269989 3.02684753705762e-07 5.849841117858887 1 frame_156.jpg

157 0.7070351839065552 0.7070352435112 0.010059711523354053 -0.010059838183224201 0.26103734970092773 -4.366931420918263e-07 5.840365409851074 1 frame_157.jpg

158 0.706627607345581 0.7066274881362915 -0.02602963335812092 0.02602951042354107 -0.3344977796077728 6.519992439280031e-07 5.78487491607666 1 frame_158.jpg

159 0.704371452331543 0.7043713331222534 -0.062136415392160416 0.06213638186454773 -0.9179603457450867 1.0895548712142045e-06 5.668954849243164 1 frame_159.jpg

160 0.7003546357154846 0.7003545165061951 -0.09748587012290955 0.09748579561710358 -1.48350191116333 8.007376095520158e-07 5.496005058288574 1 frame_160.jpg

161 0.6945427060127258 0.6945427060127258 -0.1327044516801834 0.13270433247089386 -2.0253171920776367 -1.2635435098218295e-07 5.2664642333984375 1 frame_161.jpg

162 0.6906631588935852 0.6906630992889404 -0.15160620212554932 0.15160608291625977 -2.311049461364746 8.777504376666911e-07 5.0960259437561035 1 frame_162.jpg

163 0.6875653266906738 0.687565267086029 -0.16508778929710388 0.16508767008781433 -2.511014938354492 7.165189686020312e-07 4.94922399520874 1 frame_163.jpg

164 0.6848753094673157 0.6848753094673157 -0.17591431736946106 0.17591428756713867 -2.6665685176849365 -2.8651442107729963e-07 4.814824104309082 1 frame_164.jpg

165 0.6897732615470886 0.6897732615470886 -0.1556047797203064 0.15560461580753326 -2.3804235458374023 5.681395123247057e-07 4.911092281341553 1 frame_165.jpg

166 0.6940813660621643 0.6940812468528748 -0.13509675860404968 0.1350966840982437 -2.0913257598876953 1.1812048796855379e-06 4.990771293640137 1 frame_166.jpg

167 0.6999942064285278 0.6999942064285278 -0.10004062950611115 0.1000404953956604 -1.5830410718917847 1.257774329133099e-07 5.122936248779297 1 frame_167.jpg

168 0.7051977515220642 0.705197811126709 -0.05192393437027931 0.051923807710409164 -0.8726624250411987 -3.498987837247114e-07 5.237813949584961 1 frame_168.jpg

169 0.7070975303649902 0.7070975303649902 -0.003615770023316145 0.003615643596276641 -0.15452715754508972 1.1970944058248278e-07 5.255077362060547 1 frame_169.jpg

170 0.7056992053985596 0.7056992053985596 0.04459403082728386 -0.04459407180547714 0.5590486526489258 8.292069253457157e-09 5.173638820648193 1 frame_170.jpg

171 0.7019236087799072 0.7019235491752625 0.08545923233032227 -0.08545927703380585 1.1520986557006836 4.500699617437931e-07 5.020636081695557 1 frame_171.jpg

172 0.696954071521759 0.6969541311264038 0.11939417570829391 -0.11939430981874466 1.6312904357910156 -6.213366532392683e-07 4.83146858215332 1 frame_172.jpg

173 0.6925415396690369 0.6925414800643921 0.14278040826320648 -0.14278054237365723 1.9518321752548218 1.6255755497240898e-07 4.6567864418029785 1 frame_173.jpg

174 0.6888779997825623 0.6888779401779175 0.1595214307308197 -0.15952156484127045 2.1747045516967773 5.441291932584136e-07 4.502460479736328 1 frame_174.jpg

175 0.6872522234916687 0.6872522234916687 0.1663861721754074 -0.16638632118701935 2.264359712600708 -2.6302828359803243e-07 4.403758525848389 1 frame_175.jpg

176 0.6868214011192322 0.6868213415145874 0.1681557595729828 -0.16815590858459473 2.287928342819214 3.400029697786522e-07 4.337467670440674 1 frame_176.jpg

177 0.6886159777641296 0.6886159777641296 0.16064879298210144 -0.16064892709255219 2.1937084197998047 -4.230659556014871e-07 4.331676483154297 1 frame_177.jpg

178 0.6913427710533142 0.6913427114486694 0.14847616851329803 -0.14847628772258759 2.0419411659240723 4.4105573238084617e-07 4.3515625 1 frame_178.jpg

179 0.6956892013549805 0.6956892013549805 0.12655633687973022 -0.12655645608901978 1.7647573947906494 -2.983153279956241e-08 4.416960716247559 1 frame_179.jpg

180 0.700025737285614 0.7000256776809692 0.09981979429721832 -0.09981992095708847 1.4255391359329224 2.977180599827989e-07 4.484096050262451 1 frame_180.jpg

181 0.7041993737220764 0.7041993141174316 0.06405692547559738 -0.06405705213546753 0.9644123911857605 1.629285151238946e-07 4.550786018371582 1 frame_181.jpg

182 0.7066865563392639 0.7066865563392639 0.024375103414058685 -0.024375230073928833 0.45287859439849854 -3.989943024862441e-07 4.575132846832275 1 frame_182.jpg

183 0.7068735957145691 0.7068735957145691 -0.01815914921462536 0.018159151077270508 -0.09781470894813538 -3.1824797019908146e-07 4.541270732879639 1 frame_183.jpg

184 0.7044064402580261 0.7044064998626709 -0.061737626791000366 0.061737507581710815 -0.6516130566596985 -3.537872999004321e-07 4.439198017120361 1 frame_184.jpg

185 0.6999526619911194 0.6999525427818298 -0.10033117234706879 0.10033104568719864 -1.1328206062316895 1.0378618071626988e-06 4.285665035247803 1 frame_185.jpg

186 0.6939656734466553 0.6939656734466553 -0.13568952679634094 0.13568945229053497 -1.5593106746673584 1.3545960086958075e-07 4.09303092956543 1 frame_186.jpg

187 0.6872420310974121 0.6872420310974121 -0.16642841696739197 0.16642838716506958 -1.9125255346298218 -1.533584850221814e-07 3.882582426071167 1 frame_187.jpg

188 0.6847281455993652 0.6847280859947205 -0.17648643255233765 0.1764863133430481 -2.0300095081329346 2.4579000523772265e-07 3.768866539001465 1 frame_188.jpg

189 0.6820612549781799 0.6820611953735352 -0.18652746081352234 0.1865273416042328 -2.1426966190338135 6.466710829045041e-07 3.6513969898223877 1 frame_189.jpg

190 0.6808835864067078 0.6808835864067078 -0.19078141450881958 0.19078128039836884 -2.189756393432617 3.782993474032992e-07 3.5680103302001953 1 frame_190.jpg

191 0.6872525811195374 0.6872525811195374 -0.16638478636741638 0.16638466715812683 -1.9331786632537842 2.7460907858767314e-07 3.6585748195648193 1 frame_191.jpg

192 0.6927579641342163 0.6927579641342163 -0.14172668755054474 0.1417265683412552 -1.6742881536483765 -1.2709600127891463e-07 3.731128215789795 1 frame_192.jpg

193 0.6992309093475342 0.6992309093475342 -0.10524328052997589 0.10524319857358932 -1.2781544923782349 4.7660854818332155e-08 3.829942226409912 1 frame_193.jpg

194 0.7047191262245178 0.7047191262245178 -0.058059804141521454 0.05805975943803787 -0.7559604644775391 1.4574092688235396e-07 3.90987491607666 1 frame_194.jpg

195 0.7069951295852661 0.7069951295852661 -0.012565147131681442 0.012565063312649727 -0.2532424330711365 6.001647534503718e-08 3.918407678604126 1 frame_195.jpg

196 0.706628680229187 0.7066287994384766 0.025996709242463112 -0.02599683776497841 0.17566648125648499 -7.217960273919743e-07 3.865644931793213 1 frame_196.jpg

197 0.7041542530059814 0.7041542530059814 0.06455063819885254 -0.06455076485872269 0.5907987952232361 -8.262451700602469e-08 3.7665321826934814 1 frame_197.jpg

198 0.7016156315803528 0.7016156315803528 0.08795154839754105 -0.08795159310102463 0.8417716026306152 1.7675709784725768e-07 3.661712169647217 1 frame_198.jpg

199 0.6984270215034485 0.6984270811080933 0.11045202612876892 -0.1104520633816719 1.07387113571167 -3.372102810317301e-07 3.542742967605591 1 frame_199.jpg

200 0.6958334445953369 0.6958333849906921 0.12576106190681458 -0.12576107680797577 1.227805495262146 3.8039812011447793e-07 3.4348130226135254 1 frame_200.jpg

201 0.6940984725952148 0.6940985918045044 0.13500820100307465 -0.1350083351135254 1.3194847106933594 -7.551716976195166e-07 3.3433868885040283 1 frame_201.jpg

202 0.6922375559806824 0.6922376155853271 0.14424669742584229 -0.14424674212932587 1.4073083400726318 -2.7618636977422284e-07 3.2493982315063477 1 frame_202.jpg

203 0.6922603845596313 0.6922603845596313 0.14413727819919586 -0.14413736760616302 1.4071511030197144 -1.4692005834149313e-07 3.192117691040039 1 frame_203.jpg

204 0.6923330426216125 0.6923329830169678 0.14378800988197327 -0.14378808438777924 1.4049019813537598 1.8356351461079612e-07 3.13572096824646 1 frame_204.jpg

205 0.6928547024726868 0.6928547620773315 0.14125262200832367 -0.14125272631645203 1.3827321529388428 -3.7362968896559323e-07 3.088026762008667 1 frame_205.jpg

206 0.6944630742073059 0.6944631338119507 0.1331200748682022 -0.13312016427516937 1.3106755018234253 -1.5816227971754415e-07 3.0616047382354736 1 frame_206.jpg

207 0.6959782242774963 0.6959781646728516 0.12495743483304977 -0.12495747953653336 1.2405176162719727 1.397863655938636e-07 3.033492088317871 1 frame_207.jpg

208 0.6979929804801941 0.6979929804801941 0.11316275596618652 -0.1131628006696701 1.1384028196334839 -1.384213703659043e-07 3.0156476497650146 1 frame_208.jpg

209 0.7003050446510315 0.7003051042556763 0.09784065932035446 -0.0978407934308052 1.006265640258789 -4.0464396988681983e-07 3.004396438598633 1 frame_209.jpg

210 0.7022832632064819 0.7022832632064819 0.08245120942592621 -0.08245129883289337 0.8771297335624695 -1.0678358641769137e-08 2.9874441623687744 1 frame_210.jpg

211 0.7043048143386841 0.7043048739433289 0.06288593262434006 -0.06288602203130722 0.7104055285453796 -6.453706191678066e-08 2.97334623336792 1 frame_211.jpg

212 0.7058939337730408 0.7058939337730408 0.04139755293726921 -0.04139759764075279 0.5295538306236267 -5.230030808434094e-08 2.952643394470215 1 frame_212.jpg

213 0.706828236579895 0.7068282961845398 0.019843656569719315 -0.01984374225139618 0.35363930463790894 -1.0699864105845336e-07 2.92112135887146 1 frame_213.jpg

214 0.7070951461791992 0.7070951461791992 -0.004055184777826071 0.004055100958794355 0.15518569946289062 3.758649569363115e-08 2.87990403175354 1 frame_214.jpg

215 0.7065309286117554 0.7065309286117554 -0.028531378135085106 0.028531251475214958 -0.04297898709774017 4.924581276100071e-08 2.825071096420288 1 frame_215.jpg

216 0.7051177620887756 0.7051177024841309 -0.05299995094537735 0.0529998242855072 -0.23302046954631805 2.131186533915752e-07 2.756819248199463 1 frame_216.jpg

217 0.7030061483383179 0.7030060887336731 -0.07604239135980606 0.07604226469993591 -0.4134010672569275 4.2781646669709517e-08 2.6771204471588135 1 frame_217.jpg

218 0.700198233127594 0.7001982927322388 -0.09860218316316605 0.09860215336084366 -0.5844296216964722 -1.8705229365423293e-07 2.58613920211792 1 frame_218.jpg

219 0.6966625452041626 0.6966626644134521 -0.12108337134122849 0.12108325213193893 -0.7456364631652832 -1.402185318966076e-07 2.4843766689300537 1 frame_219.jpg

220 0.6934245824813843 0.6934245228767395 -0.13842833042144775 0.1384282112121582 -0.8666905760765076 2.9420132818813727e-07 2.3854315280914307 1 frame_220.jpg

221 0.6914462447166443 0.6914463043212891 -0.14799346029758453 0.14799335598945618 -0.9362308979034424 -1.3926833730693033e-07 2.301654815673828 1 frame_221.jpg

222 0.6893340349197388 0.6893340349197388 -0.15753930807113647 0.15753918886184692 -1.0018609762191772 -4.7446032880316125e-08 2.2158212661743164 1 frame_222.jpg

223 0.6870877742767334 0.6870878338813782 -0.16706395149230957 0.16706378757953644 -1.0635144710540771 -1.072363708942703e-08 2.128079891204834 1 frame_223.jpg

224 0.6869680881500244 0.6869680285453796 -0.16755558550357819 0.1675555408000946 -1.0673422813415527 3.185812431638624e-07 2.0673415660858154 1 frame_224.jpg

225 0.6893226504325867 0.6893227100372314 -0.1575889140367508 0.15758879482746124 -1.0096968412399292 -1.1768499064146454e-07 2.038174867630005 1 frame_225.jpg

226 0.6915343403816223 0.6915343403816223 -0.14758139848709106 0.1475813239812851 -0.9545926451683044 4.484022397832632e-08 2.0074288845062256 1 frame_226.jpg

227 0.6936023235321045 0.6936023235321045 -0.137534961104393 0.13753479719161987 -0.9020748734474182 2.3865478482321123e-09 1.9752250909805298 1 frame_227.jpg

228 0.6979939341545105 0.6979939341545105 -0.1131567433476448 0.11315661668777466 -0.7616493701934814 2.2034383562186122e-07 1.9743621349334717 1 frame_228.jpg

229 0.7020168304443359 0.7020168900489807 -0.08468972891569138 0.08468956500291824 -0.600874125957489 -1.2181142494682717e-07 1.9702955484390259 1 frame_229.jpg

230 0.7048807740211487 0.7048807740211487 -0.056063324213027954 0.0560632050037384 -0.445677250623703 6.788872752849784e-08 1.953535556793213 1 frame_230.jpg

231 0.706790030002594 0.7067900896072388 -0.02116117998957634 0.021161098033189774 -0.2503807842731476 -7.269125035236357e-08 1.9287062883377075 1 frame_231.jpg

232 0.7069504261016846 0.7069505453109741 0.01486588828265667 -0.014865973964333534 -0.05643300712108612 -2.4996930392262584e-07 1.8847123384475708 1 frame_232.jpg

233 0.7053408622741699 0.7053408622741699 0.04994296282529831 -0.049943093210458755 0.12678806483745575 -1.3818845445712213e-07 1.8219780921936035 1 frame_233.jpg

234 0.7021756172180176 0.7021756768226624 0.08336269855499268 -0.0833628699183464 0.2985713481903076 -1.464073733359328e-07 1.7421164512634277 1 frame_234.jpg

235 0.6976033449172974 0.6976034045219421 0.1155400276184082 -0.11554010957479477 0.45245683193206787 -8.148601438051628e-08 1.6479674577713013 1 frame_235.jpg

236 0.6935579180717468 0.6935580372810364 0.13775812089443207 -0.13775816559791565 0.5580501556396484 -2.0662587019160128e-07 1.5560450553894043 1 frame_236.jpg

237 0.6888030171394348 0.6888030767440796 0.1598447859287262 -0.15984490513801575 0.653785765171051 -2.2265965071710525e-07 1.4575653076171875 1 frame_237.jpg

238 0.6864438652992249 0.6864440441131592 0.1696898490190506 -0.16968998312950134 0.6962378025054932 -3.552293890152214e-07 1.3785408735275269 1 frame_238.jpg

239 0.6843467950820923 0.6843469142913818 0.1779588758945465 -0.17795901000499725 0.7295064330101013 -3.2373719704992254e-07 1.3015775680541992 1 frame_239.jpg

240 0.6848556995391846 0.6848557591438293 0.1759902387857437 -0.17599032819271088 0.722878098487854 -2.1887771595174854e-08 1.2459694147109985 1 frame_240.jpg

241 0.6864737868309021 0.6864738464355469 0.16956910490989685 -0.16956916451454163 0.7015418410301208 -1.2432137452833558e-07 1.1995195150375366 1 frame_241.jpg

242 0.6901237964630127 0.6901238560676575 0.15404242277145386 -0.15404252707958221 0.6486657857894897 -1.0966132890644076e-07 1.1702003479003906 1 frame_242.jpg

243 0.6948851346969604 0.6948851943016052 0.1308993101119995 -0.13089939951896667 0.5726257562637329 -2.3284910355414468e-07 1.1511744260787964 1 frame_243.jpg

244 0.6999974846839905 0.6999976634979248 0.10001689940690994 -0.10001702606678009 0.4721478223800659 -3.482199986137857e-07 1.1378250122070312 1 frame_244.jpg

245 0.7045528888702393 0.7045528888702393 0.06004379317164421 -0.06004383787512779 0.344123899936676 -9.261781741543018e-08 1.12436842918396 1 frame_245.jpg

246 0.7068952918052673 0.7068953514099121 0.017291195690631866 -0.0172912385314703 0.2104865312576294 -6.403687535794234e-08 1.098580241203308 1 frame_246.jpg

247 0.7064985632896423 0.7064984440803528 -0.029323088005185127 0.02932296320796013 0.06699025630950928 2.0926471222537657e-07 1.0569006204605103 1 frame_247.jpg

248 0.7032589316368103 0.7032589316368103 -0.07366746664047241 0.07366734743118286 -0.05990990996360779 -3.078515220522604e-08 0.9978572726249695 1 frame_248.jpg

249 0.6984090805053711 0.6984091997146606 -0.11056523025035858 0.11056511104106903 -0.16555571556091309 -1.2550988515158679e-07 0.9261565208435059 1 frame_249.jpg

250 0.6916244029998779 0.6916245222091675 -0.14715850353240967 0.14715838432312012 -0.25678813457489014 -1.4400795578239922e-07 0.8439610004425049 1 frame_250.jpg

251 0.6866822838783264 0.6866822838783264 -0.16872315108776093 0.16872307658195496 -0.3098423480987549 -6.680640751710598e-08 0.7667564749717712 1 frame_251.jpg

252 0.6830712556838989 0.6830713152885437 -0.18279410898685455 0.182793989777565 -0.3442688286304474 -1.0853613474637314e-07 0.6935770511627197 1 frame_252.jpg

253 0.6791719794273376 0.6791719794273376 -0.19678789377212524 0.19678784906864166 -0.37320104241371155 -5.178486617296585e-08 0.618964672088623 1 frame_253.jpg

254 0.6775647401809692 0.6775648593902588 -0.2022521197795868 0.2022521048784256 -0.38349035382270813 -6.957692022524498e-08 0.5529969930648804 1 frame_254.jpg

255 0.6798344850540161 0.6798344254493713 -0.1944868117570877 0.19448664784431458 -0.37340840697288513 1.321990481528701e-07 0.5018118023872375 1 frame_255.jpg

256 0.6820148229598999 0.6820148229598999 -0.1866970658302307 0.18669693171977997 -0.36586904525756836 5.8044676620738755e-08 0.45049363374710083 1 frame_256.jpg

257 0.6841054558753967 0.6841055750846863 -0.17888444662094116 0.1788843274116516 -0.360871821641922 -1.7906593541283655e-08 0.399135023355484 1 frame_257.jpg

258 0.6902148127555847 0.6902149319648743 -0.15363410115242004 0.15363405644893646 -0.33123236894607544 -5.6934617020942824e-08 0.36488428711891174 1 frame_258.jpg

259 0.6961525678634644 0.6961526274681091 -0.12398207932710648 0.12398196756839752 -0.30242422223091125 2.1321724830158928e-08 0.3321295976638794 1 frame_259.jpg

260 0.7011120319366455 0.7011121511459351 -0.09187934547662735 0.0918792262673378 -0.27772700786590576 6.782840955565916e-09 0.2993244528770447 1 frame_260.jpg

261 0.7057580947875977 0.7057580947875977 -0.04365243762731552 0.04365239292383194 -0.23537330329418182 6.798623886083988e-10 0.27468809485435486 1 frame_261.jpg

262 0.7070900201797485 0.7070901393890381 0.004859220236539841 -0.004859346896409988 -0.2044847309589386 -1.0640768266512168e-09 0.24527812004089355 1 frame_262.jpg

263 0.7047532200813293 0.7047533988952637 0.05764319375157356 -0.05764332041144371 -0.1656452864408493 -7.488598186000672e-09 0.21325020492076874 1 frame_263.jpg

264 0.6989541053771973 0.6989542245864868 0.10706570744514465 -0.10706578940153122 -0.13982592523097992 -6.3400111827149885e-09 0.17520152032375336 1 frame_264.jpg

265 0.6926466226577759 0.692646861076355 0.14226913452148438 -0.14226913452148438 -0.12125017493963242 -3.650128732601843e-08 0.12873518466949463 1 frame_265.jpg

266 0.6866422295570374 0.6866423487663269 0.16888558864593506 -0.16888567805290222 -0.11274505406618118 8.271095808254358e-09 0.07817120850086212 1 frame_266.jpg

267 0.683647871017456 0.6836479306221008 0.18062543869018555 -0.18062548339366913 -0.1090724989771843 8.206426649337573e-09 0.022361019626259804 1 frame_267.jpg

268 0.6828394532203674 0.6828396320343018 0.18365764617919922 -0.18365778028964996 -0.10829944908618927 3.3436990065638383e-08 -0.03626862168312073 1 frame_268.jpg

269 0.6848000884056091 0.6848000884056091 0.1762067675590515 -0.17620685696601868 -0.10540831089019775 1.0298774277828215e-08 -0.09815002977848053 1 frame_269.jpg

270 0.6881473064422607 0.6881473660469055 0.16264449059963226 -0.16264459490776062 -0.09948055446147919 2.5374054857252304e-08 -0.1616668701171875 1 frame_270.jpg

271 0.6928736567497253 0.6928737759590149 0.14115943014621735 -0.1411595642566681 -0.08671212196350098 4.330454927981009e-08 -0.22698043286800385 1 frame_271.jpg

272 0.6972813606262207 0.6972813606262207 0.11746788024902344 -0.1174679771065712 -0.06751593202352524 8.523077354993802e-09 -0.29151812195777893 1 frame_272.jpg

273 0.7015268802642822 0.701526939868927 0.08865654468536377 -0.08865667134523392 -0.042080558836460114 2.9449525484892547e-08 -0.35548272728919983 1 frame_273.jpg

274 0.7045806050300598 0.7045807242393494 0.05971669778227806 -0.05971682444214821 -0.006615370512008667 6.872092228604743e-08 -0.41679075360298157 1 frame_274.jpg

275 0.7063796520233154 0.7063797116279602 0.032058235257864 -0.032058361917734146 0.024736102670431137 2.1657966087218483e-08 -0.4752698540687561 1 frame_275.jpg

276 0.707092821598053 0.707092821598053 0.004440742079168558 -0.004440826829522848 0.06447549164295197 -3.04803222661576e-08 -0.5310980677604675 1 frame_276.jpg

277 0.7067819237709045 0.7067819237709045 -0.021431459113955498 0.021431375294923782 0.10711538791656494 -1.8356772102379182e-08 -0.5838082432746887 1 frame_277.jpg

278 0.7058590054512024 0.7058590054512024 -0.04198884591460228 0.04198872298002243 0.13900195062160492 -2.5856689234160513e-08 -0.6357277631759644 1 frame_278.jpg

279 0.7043399810791016 0.7043400406837463 -0.06249144300818443 0.06249140575528145 0.17725954949855804 9.381010812603563e-08 -0.6856688261032104 1 frame_279.jpg

280 0.7022278308868408 0.7022277116775513 -0.08292251825332642 0.08292239904403687 0.22174301743507385 -1.850594486541013e-07 -0.733069896697998 1 frame_280.jpg

281 0.7014485597610474 0.7014486193656921 -0.08927410840988159 0.08927401900291443 0.23126700520515442 2.277322685984018e-08 -0.7877746820449829 1 frame_281.jpg

282 0.7007240056991577 0.7007240056991577 -0.09479384124279022 0.09479375183582306 0.24029548466205597 -2.278850530501586e-08 -0.8428834676742554 1 frame_282.jpg

283 0.6999568343162537 0.6999567747116089 -0.10030197352170944 0.1003018468618393 0.25110533833503723 -9.706965897748887e-08 -0.8978315591812134 1 frame_283.jpg

284 0.6991471648216248 0.6991472244262695 -0.10579801350831985 0.10579797625541687 0.2636895477771759 1.0706099828894367e-07 -0.9525752663612366 1 frame_284.jpg

285 0.7010605931282043 0.7010605335235596 -0.09227176755666733 0.09227169305086136 0.22490814328193665 -1.2718172115455673e-07 -1.0207666158676147 1 frame_285.jpg

286 0.7033216953277588 0.703321635723114 -0.073065847158432 0.07306572794914246 0.16435778141021729 -1.5750634929645457e-07 -1.0900568962097168 1 frame_286.jpg

287 0.7053757309913635 0.7053757309913635 -0.04944824427366257 0.04944811761379242 0.08852121978998184 1.016589976643445e-07 -1.1568758487701416 1 frame_287.jpg

288 0.7067890167236328 0.7067890763282776 -0.021196188405156136 0.021196063607931137 -0.005161553621292114 1.879916453617625e-07 -1.2187883853912354 1 frame_288.jpg

289 0.7070867419242859 0.7070866823196411 0.0053252833895385265 -0.0053254105150699615 -0.09985466301441193 -1.478014439726394e-07 -1.273228406906128 1 frame_289.jpg

290 0.7066506743431091 0.7066506147384644 0.025393841788172722 -0.02539396844804287 -0.17135900259017944 -1.3294264533669775e-07 -1.3239085674285889 1 frame_290.jpg

291 0.7056468725204468 0.7056468725204468 0.04541444405913353 -0.04541457071900368 -0.2488284409046173 -9.732641359505578e-09 -1.3703279495239258 1 frame_291.jpg

292 0.7046620845794678 0.7046620845794678 0.058748066425323486 -0.058748193085193634 -0.2999015152454376 2.140396482275264e-08 -1.4181444644927979 1 frame_292.jpg

293 0.7035225033760071 0.7035225033760071 0.07110613584518433 -0.07110626995563507 -0.3501974940299988 5.2737139100145214e-08 -1.4649040699005127 1 frame_293.jpg

294 0.7025081515312195 0.7025080919265747 0.08051280677318573 -0.0805128961801529 -0.38986676931381226 -1.646569387503405e-07 -1.5130599737167358 1 frame_294.jpg

295 0.7017970085144043 0.7017969489097595 0.08649260550737381 -0.08649270236492157 -0.41521984338760376 -1.7443856847876305e-07 -1.5641940832138062 1 frame_295.jpg

296 0.7010361552238464 0.7010360360145569 0.09245745092630386 -0.09245758503675461 -0.44238704442977905 -2.3654017411445238e-07 -1.6148136854171753 1 frame_296.jpg

297 0.7009691596031189 0.7009690403938293 0.09296395629644394 -0.09296396374702454 -0.44416865706443787 -3.6647577417170396e-07 -1.6719902753829956 1 frame_297.jpg

298 0.7009135484695435 0.7009135484695435 0.09338197112083435 -0.0933820977807045 -0.44566112756729126 6.245930705972569e-08 -1.7291908264160156 1 frame_298.jpg

299 0.7012100219726562 0.7012099623680115 0.09112905710935593 -0.09112919121980667 -0.43411463499069214 -2.254427045045304e-07 -1.789655089378357 1 frame_299.jpg

300 0.7018573880195618 0.701857328414917 0.08600141853094101 -0.08600154519081116 -0.4071253836154938 -1.0384077597791475e-07 -1.8533504009246826 1 frame_300.jpg

301 0.7024662494659424 0.7024662494659424 0.0808776244521141 -0.08087766915559769 -0.37841540575027466 1.0905466041322143e-07 -1.9165232181549072 1 frame_301.jpg

302 0.7036944031715393 0.7036943435668945 0.06938455998897552 -0.06938469409942627 -0.3153030276298523 -1.5629062488642376e-07 -1.9852180480957031 1 frame_302.jpg

303 0.7047351002693176 0.7047351002693176 0.057865265756845474 -0.05786539241671562 -0.2480769157409668 -1.5978923784132348e-07 -2.0516819953918457 1 frame_303.jpg

304 0.7058644890785217 0.7058645486831665 0.041896067559719086 -0.04189619794487953 -0.15356190502643585 2.0512248966042534e-07 -2.117868423461914 1 frame_304.jpg

305 0.7067481279373169 0.7067480683326721 0.022518867626786232 -0.02251899428665638 -0.03521189093589783 -2.9240200660751725e-07 -2.1801140308380127 1 frame_305.jpg

306 0.7071056365966797 0.7071056962013245 0.0012548232916742563 -0.0012549498351290822 0.09941411018371582 1.6180885609173856e-07 -2.2350072860717773 1 frame_306.jpg

307 0.7065936923027039 0.7065936923027039 -0.026933515444397926 0.026933349668979645 0.2782330811023712 2.1082765044866392e-07 -2.2768096923828125 1 frame_307.jpg

308 0.7049626111984253 0.7049626111984253 -0.055024780333042145 0.055024657398462296 0.46397194266319275 -3.5753792815285124e-08 -2.3039283752441406 1 frame_308.jpg

309 0.7014288306236267 0.7014288306236267 -0.08942954987287521 0.08942948281764984 0.6869386434555054 1.6880670727914548e-07 -2.304124593734741 1 frame_309.jpg

310 0.6961418986320496 0.6961418390274048 -0.1240423321723938 0.12404230237007141 0.9163122177124023 -2.3378417779440497e-07 -2.2811942100524902 1 frame_310.jpg

311 0.6923513412475586 0.6913332343101501 -0.14603005349636078 0.14622996747493744 1.0591788291931152 -0.0033589336089789867 -2.2742886543273926 1 frame_311.jpg

312 0.6897585391998291 0.6871604323387146 -0.16105760633945465 0.16156792640686035 1.1553817987442017 -0.008694670163094997 -2.281687021255493 1 frame_312.jpg

313 0.6889639496803284 0.6844094395637512 -0.16820845007896423 0.1691695749759674 1.2028714418411255 -0.015337566845119 -2.3124701976776123 1 frame_313.jpg

314 0.6950989961624146 0.6872693300247192 -0.14820772409439087 0.1501091867685318 1.0669152736663818 -0.026646001264452934 -2.432758092880249 1 frame_314.jpg

315 0.7006597518920898 0.6895686388015747 -0.12813206017017365 0.13097018003463745 0.9215338826179504 -0.03875488042831421 -2.544593095779419 1 frame_315.jpg

316 0.7062140703201294 0.6923975348472595 -0.10260780155658722 0.10639039427042007 0.7343139052391052 -0.049332648515701294 -2.6592140197753906 1 frame_316.jpg

317 0.7111532688140869 0.6951218247413635 -0.07198388874530792 0.07671390473842621 0.5036563873291016 -0.05839357152581215 -2.7679152488708496 1 frame_317.jpg

318 0.7147696614265442 0.6965580582618713 -0.04129806160926819 0.046964578330516815 0.2603166103363037 -0.06795920431613922 -2.8560256958007812 1 frame_318.jpg

319 0.7159504294395447 0.6974670886993408 -0.018477333709597588 0.02476445958018303 0.07828895002603531 -0.0697663277387619 -2.921945571899414 1 frame_319.jpg

320 0.7160921096801758 0.6979849338531494 0.0016566261183470488 0.005141828674823046 -0.08595776557922363 -0.0688362717628479 -2.9770095348358154 1 frame_320.jpg

321 0.7156693339347839 0.6979514956474304 0.0217409860342741 -0.014437781646847725 -0.2557315230369568 -0.06788085401058197 -3.0225753784179688 1 frame_321.jpg

322 0.7142747044563293 0.6984169483184814 0.035436585545539856 -0.02774234488606453 -0.370437890291214 -0.060509443283081055 -3.0656588077545166 1 frame_322.jpg

323 0.7125305533409119 0.698941707611084 0.0473170280456543 -0.03926529735326767 -0.4715009331703186 -0.05110156163573265 -3.106715679168701 1 frame_323.jpg

324 0.710594117641449 0.6992721557617188 0.05915362387895584 -0.05074756219983101 -0.5754144191741943 -0.0414331778883934 -3.144258737564087 1 frame_324.jpg

325 0.7083170413970947 0.7001708745956421 0.06767641007900238 -0.058886729180812836 -0.6498406529426575 -0.02765042334794998 -3.1844429969787598 1 frame_325.jpg

326 0.7058584094047546 0.7015010118484497 0.07394387573003769 -0.0647505521774292 -0.7040795683860779 -0.010808057151734829 -3.22727632522583 1 frame_326.jpg

327 0.7033489942550659 0.7027705907821655 0.08018863946199417 -0.07059358060359955 -0.7598381042480469 0.006496719550341368 -3.268968343734741 1 frame_327.jpg

328 0.7007111310958862 0.70427405834198 0.08549315482378006 -0.07545121014118195 -0.8077703714370728 0.02580532617866993 -3.311640977859497 1 frame_328.jpg

329 0.6977869272232056 0.7067266702651978 0.08770611137151718 -0.07706120610237122 -0.8253301382064819 0.05092388018965721 -3.360840320587158 1 frame_329.jpg

330 0.6948556303977966 0.7091569304466248 0.0899108499288559 -0.07866515219211578 -0.8434051871299744 0.07675396651029587 -3.4096152782440186 1 frame_330.jpg

331 0.6919172406196594 0.7115648984909058 0.09210754185914993 -0.08026280999183655 -0.8619890809059143 0.10328640788793564 -3.457953929901123 1 frame_331.jpg

332 0.6884928345680237 0.7150943279266357 0.09162049740552902 -0.07888848334550858 -0.8528979420661926 0.1376325935125351 -3.5124764442443848 1 frame_332.jpg

333 0.6849050521850586 0.7189478874206543 0.09029541164636612 -0.07658828794956207 -0.834600567817688 0.17523109912872314 -3.5684590339660645 1 frame_333.jpg

334 0.6813045144081116 0.7227647304534912 0.08897127211093903 -0.07429245859384537 -0.8158091306686401 0.21387070417404175 -3.6237666606903076 1 frame_334.jpg

335 0.6773636937141418 0.7271112203598022 0.08653662353754044 -0.07070458680391312 -0.7845049500465393 0.25772106647491455 -3.6807539463043213 1 frame_335.jpg

336 0.6725360751152039 0.7328137159347534 0.08127547055482864 -0.0638246089220047 -0.7212684750556946 0.3136017322540283 -3.742180824279785 1 frame_336.jpg

337 0.6676358580589294 0.7384031414985657 0.07602003961801529 -0.05695765092968941 -0.6562985777854919 0.371023565530777 -3.801464319229126 1 frame_337.jpg

338 0.6626645922660828 0.7438794374465942 0.07077134400606155 -0.050104886293411255 -0.5896496772766113 0.4299379289150238 -3.858535051345825 1 frame_338.jpg

339 0.6557095050811768 0.7516176700592041 0.06084336340427399 -0.03760283440351486 -0.4678465723991394 0.5123326778411865 -3.9175007343292236 1 frame_339.jpg

340 0.6482698321342468 0.7593562006950378 0.0503019280731678 -0.02437482960522175 -0.335811585187912 0.5997468829154968 -3.9708282947540283 1 frame_340.jpg

341 0.6405960321426392 0.7667657136917114 0.03977535665035248 -0.011181123554706573 -0.20081649720668793 0.6891247034072876 -4.017529010772705 1 frame_341.jpg

342 0.6303339004516602 0.7758964896202087 0.02455795370042324 0.007794685661792755 -0.0074860770255327225 0.8043235540390015 -4.0528998374938965 1 frame_342.jpg

343 0.6181868314743042 0.785430371761322 0.006709363777190447 0.02998616360127926 0.2206553965806961 0.9350688457489014 -4.070577144622803 1 frame_343.jpg

344 0.6054370403289795 0.7941108345985413 -0.011083610355854034 0.05206872522830963 0.45139479637145996 1.067304253578186 -4.0710248947143555 1 frame_344.jpg

345 0.589301347732544 0.8032518625259399 -0.03349366784095764 0.07992875576019287 0.7383100986480713 1.2229803800582886 -4.035888195037842 1 frame_345.jpg

346 0.5700807571411133 0.8117918968200684 -0.05915517359972 0.11181459575891495 1.0631647109985352 1.394132375717163 -3.957486867904663 1 frame_346.jpg

347 0.5497276782989502 0.8185916543006897 -0.08460132032632828 0.14335206151008606 1.383294701576233 1.5627918243408203 -3.845780611038208 1 frame_347.jpg

348 0.5339493155479431 0.8226478099822998 -0.10297646373510361 0.16596530377864838 1.604736566543579 1.6824904680252075 -3.7566921710968018 1 frame_348.jpg

349 0.5208119750022888 0.8253583908081055 -0.11746685206890106 0.18368440866470337 1.7734147310256958 1.776025652885437 -3.6842384338378906 1 frame_349.jpg

350 0.5073612332344055 0.8274807333946228 -0.1318189799785614 0.2012062668800354 1.9401946067810059 1.8685078620910645 -3.602097272872925 1 frame_350.jpg

351 0.5081682205200195 0.8285369873046875 -0.1289965808391571 0.19659946858882904 1.8986289501190186 1.8671585321426392 -3.6739964485168457 1 frame_351.jpg

352 0.5169859528541565 0.8288482427597046 -0.11640609055757523 0.17940384149551392 1.7319486141204834 1.8103293180465698 -3.8305065631866455 1 frame_352.jpg

353 0.5254955887794495 0.8287198543548584 -0.10380349308252335 0.1621808409690857 1.557143211364746 1.7507469654083252 -3.977921962738037 1 frame_353.jpg

354 0.5399056673049927 0.8269965648651123 -0.0824781283736229 0.1333266645669937 1.2624247074127197 1.642805576324463 -4.174894332885742 1 frame_354.jpg

355 0.5556502938270569 0.8233622312545776 -0.0577826164662838 0.09994256496429443 0.9069573283195496 1.5107766389846802 -4.364017963409424 1 frame_355.jpg

356 0.5702351331710815 0.8181176781654358 -0.03307204321026802 0.06649525463581085 0.5345355272293091 1.3724467754364014 -4.51784086227417 1 frame_356.jpg

357 0.5794640183448792 0.8138293623924255 -0.014477361924946308 0.04115340858697891 0.25076761841773987 1.2784866094589233 -4.618869781494141 1 frame_357.jpg

358 0.5874859690666199 0.8090500831604004 0.0032367310486733913 0.016963832080364227 -0.02654668688774109 1.1887853145599365 -4.698289394378662 1 frame_358.jpg

359 0.594897449016571 0.8034988641738892 0.020870892331004143 -0.007137510925531387 -0.30972427129745483 1.0971837043762207 -4.758918285369873 1 frame_359.jpg

360 0.5982061624526978 0.8003742098808289 0.03222997859120369 -0.0226216372102499 -0.4907335638999939 1.052324891090393 -4.802127361297607 1 frame_360.jpg

361 0.6008865833282471 0.7973242402076721 0.04283421114087105 -0.03707534819841385 -0.6622110605239868 1.0122944116592407 -4.838346004486084 1 frame_361.jpg

362 0.6033535003662109 0.7940203547477722 0.053376223891973495 -0.05145146697759628 -0.8358008861541748 0.9717659950256348 -4.867927074432373 1 frame_362.jpg

363 0.6037933230400085 0.7925176620483398 0.06039338558912277 -0.060843899846076965 -0.9497981667518616 0.9582870006561279 -4.89737606048584 1 frame_363.jpg

364 0.6033215522766113 0.7918733954429626 0.06577348709106445 -0.06792247295379639 -1.0364751815795898 0.957443118095398 -4.927401065826416 1 frame_364.jpg

365 0.6028040051460266 0.7911694049835205 0.07112421095371246 -0.07496395707130432 -1.1241247653961182 0.9565865397453308 -4.955751895904541 1 frame_365.jpg

366 0.6018000245094299 0.790942907333374 0.07563579082489014 -0.08077935874462128 -1.1979771852493286 0.9625452160835266 -4.984532833099365 1 frame_366.jpg

367 0.5992512106895447 0.792538046836853 0.07733392715454102 -0.08246849477291107 -1.221484899520874 0.9923547506332397 -5.019717216491699 1 frame_367.jpg

368 0.5967020988464355 0.794116199016571 0.0790250301361084 -0.08415054529905319 -1.245306372642517 1.0225509405136108 -5.054431915283203 1 frame_368.jpg

369 0.594153106212616 0.7956772446632385 0.08070879429578781 -0.08582527935504913 -1.2694307565689087 1.053120732307434 -5.088664531707764 1 frame_369.jpg

370 0.590625524520874 0.7983666658401489 0.08081980049610138 -0.08509016782045364 -1.2645769119262695 1.0988106727600098 -5.126419544219971 1 frame_370.jpg

371 0.5863075852394104 0.8019365668296814 0.07966961711645126 -0.08242484927177429 -1.2359336614608765 1.157008409500122 -5.166506290435791 1 frame_371.jpg

372 0.5819880962371826 0.8054570555686951 0.0785219594836235 -0.07976950705051422 -1.2069629430770874 1.2158818244934082 -5.205572128295898 1 frame_372.jpg

373 0.5776681900024414 0.8089276552200317 0.07737723737955093 -0.07712487131357193 -1.1776829957962036 1.2753931283950806 -5.243599891662598 1 frame_373.jpg

374 0.5719890594482422 0.8137388229370117 0.0744096040725708 -0.0715598464012146 -1.1131651401519775 1.3547879457473755 -5.283018589019775 1 frame_374.jpg

375 0.5657533407211304 0.8189671635627747 0.07074765115976334 -0.06488990783691406 -1.0344241857528687 1.4424951076507568 -5.320806980133057 1 frame_375.jpg

376 0.5594815611839294 0.8240665197372437 0.06709667295217514 -0.05824785679578781 -0.954905092716217 1.5310715436935425 -5.355762004852295 1 frame_376.jpg

377 0.5531747937202454 0.8290385007858276 0.06345681101083755 -0.05163377523422241 -0.8746557235717773 1.620463490486145 -5.387869834899902 1 frame_377.jpg

378 0.5452502965927124 0.8352136611938477 0.05796698480844498 -0.0419527068734169 -0.7577220797538757 1.7312923669815063 -5.415313243865967 1 frame_378.jpg

379 0.5367700457572937 0.8415423035621643 0.05194534361362457 -0.031403303146362305 -0.6292760372161865 1.849051594734192 -5.436844825744629 1 frame_379.jpg

380 0.5281986594200134 0.8476192355155945 0.045943599194288254 -0.02090432681143284 -0.5000632405281067 1.967513918876648 -5.4526519775390625 1 frame_380.jpg

381 0.5195425748825073 0.8534453511238098 0.03996488079428673 -0.010460817255079746 -0.3702695965766907 2.086509943008423 -5.462722301483154 1 frame_381.jpg

382 0.5094472765922546 0.8598833084106445 0.03252944350242615 0.002457835478708148 -0.21201999485492706 2.221318244934082 -5.460991859436035 1 frame_382.jpg

383 0.4986780285835266 0.86628657579422 0.024542339146137238 0.01629597134888172 -0.042598746716976166 2.3623135089874268 -5.448468208312988 1 frame_383.jpg

384 0.48776930570602417 0.8722975850105286 0.016592983156442642 0.030044740065932274 0.12661616504192352 2.503136396408081 -5.427134990692139 1 frame_384.jpg

385 0.4767289161682129 0.8779205679893494 0.008684317581355572 0.043699294328689575 0.29534393548965454 2.6435537338256836 -5.397049427032471 1 frame_385.jpg

386 0.4651009440422058 0.8833382725715637 0.0002545680326875299 0.05826258286833763 0.4723968505859375 2.786410331726074 -5.354369163513184 1 frame_386.jpg

387 0.4528867304325104 0.8884773254394531 -0.008659743703901768 0.07366587966680527 0.6567370891571045 2.931104898452759 -5.2982916831970215 1 frame_387.jpg

388 0.4405269920825958 0.8931512832641602 -0.01751488819718361 0.08893812447786331 0.8392755389213562 3.0743844509124756 -5.232324600219727 1 frame_388.jpg

389 0.4280335009098053 0.897365391254425 -0.026305390521883965 0.10407058894634247 1.0196484327316284 3.215963363647461 -5.156632423400879 1 frame_389.jpg

390 0.4155121147632599 0.9011085033416748 -0.03493298962712288 0.11888159811496735 1.1953809261322021 3.354482412338257 -5.07253360748291 1 frame_390.jpg

391 0.4076715111732483 0.9037114977836609 -0.038844428956508636 0.12490219622850418 1.2632479667663574 3.437213182449341 -5.039028167724609 1 frame_391.jpg

392 0.3998347818851471 0.9061899781227112 -0.042725320905447006 0.1308678835630417 1.3307503461837769 3.5194954872131348 -5.003495216369629 1 frame_392.jpg

393 0.3920036852359772 0.9085458517074585 -0.04657517373561859 0.13677829504013062 1.3978546857833862 3.6012938022613525 -4.965957164764404 1 frame_393.jpg

394 0.3841802775859833 0.9107808470726013 -0.05039367452263832 0.1426331251859665 1.4645308256149292 3.6825668811798096 -4.9264421463012695 1 frame_394.jpg

395 0.37636691331863403 0.9128968119621277 -0.054180074483156204 0.14843131601810455 1.5307397842407227 3.7632737159729004 -4.884978294372559 1 frame_395.jpg

396 0.37719786167144775 0.9147446155548096 -0.0491149015724659 0.13620495796203613 1.3988326787948608 3.7609715461730957 -4.964950084686279 1 frame_396.jpg

397 0.3780212700366974 0.9164121747016907 -0.04400894418358803 0.12390251457691193 1.263173222541809 3.75799560546875 -5.041672706604004 1 frame_397.jpg

398 0.378771036863327 0.9179039597511292 -0.038931455463171005 0.11166562139987946 1.1254431009292603 3.7549960613250732 -5.114153861999512 1 frame_398.jpg

399 0.3794485330581665 0.9192230105400085 -0.03388379514217377 0.09949759393930435 0.9858156442642212 3.7519705295562744 -5.182361602783203 1 frame_399.jpg

400 0.3843340575695038 0.9192736744880676 -0.025730382651090622 0.0810013860464096 0.7756534218788147 3.7036149501800537 -5.291125774383545 1 frame_400.jpg

401 0.3896864056587219 0.9187261462211609 -0.017128214240074158 0.06159104034304619 0.5500792264938354 3.646939277648926 -5.396632194519043 1 frame_401.jpg

402 0.3948138356208801 0.917746901512146 -0.008582423441112041 0.04229682683944702 0.32037293910980225 3.589226722717285 -5.491170883178711 1 frame_402.jpg

403 0.3997177481651306 0.9163464307785034 -9.755879727890715e-05 0.023129506036639214 0.08710777014493942 3.5306246280670166 -5.574650764465332 1 frame_403.jpg

404 0.4044017791748047 0.9145261645317078 0.006920849904417992 0.007298190146684647 -0.10572412610054016 3.4727296829223633 -5.647815227508545 1 frame_404.jpg

405 0.40892985463142395 0.9124417901039124 0.013288196176290512 -0.007055057678371668 -0.2821294069290161 3.4147987365722656 -5.71407413482666 1 frame_405.jpg

406 0.41331127285957336 0.9101298451423645 0.019600151106715202 -0.021289648488163948 -0.4601990878582001 3.3563263416290283 -5.773724555969238 1 frame_406.jpg

407 0.4175484776496887 0.9075964093208313 0.025856174528598785 -0.03540399670600891 -0.6396981477737427 3.2973852157592773 -5.826785564422607 1 frame_407.jpg

408 0.42167583107948303 0.9049522876739502 0.031262390315532684 -0.047682005912065506 -0.7966259717941284 3.2390146255493164 -5.876145839691162 1 frame_408.jpg

409 0.4257509112358093 0.9023418426513672 0.03536384552717209 -0.05713842809200287 -0.9166498780250549 3.181786060333252 -5.925708770751953 1 frame_409.jpg

410 0.42973649501800537 0.899638295173645 0.03942563757300377 -0.06650650501251221 -1.0373483896255493 3.124239444732666 -5.971858501434326 1 frame_410.jpg

411 0.43363380432128906 0.896844744682312 0.04344753548502922 -0.07578571885824203 -1.1586229801177979 3.066419839859009 -6.0146164894104 1 frame_411.jpg

412 0.43744343519210815 0.8939647674560547 0.04742905870079994 -0.08497456461191177 -1.2803653478622437 3.00838041305542 -6.054000377655029 1 frame_412.jpg

413 0.4414404034614563 0.8912985920906067 0.04974900931119919 -0.09078681468963623 -1.3555129766464233 2.9502553939819336 -6.100805282592773 1 frame_413.jpg

414 0.4454173445701599 0.8886489868164062 0.05179712921380997 -0.09603855013847351 -1.4237498044967651 2.891887664794922 -6.147415637969971 1 frame_414.jpg

415 0.4493338167667389 0.8859758377075195 0.05382360890507698 -0.10123692452907562 -1.4922503232955933 2.833296775817871 -6.192287445068359 1 frame_415.jpg

416 0.4531899094581604 0.883280873298645 0.05582840368151665 -0.10638146102428436 -1.5609723329544067 2.774524211883545 -6.23543119430542 1 frame_416.jpg

417 0.4570775032043457 0.880600094795227 0.057538699358701706 -0.11096351593732834 -1.622408151626587 2.715001106262207 -6.279104709625244 1 frame_417.jpg

418 0.4614257514476776 0.8781067132949829 0.05769450590014458 -0.11263318359851837 -1.641696572303772 2.65187406539917 -6.334075450897217 1 frame_418.jpg

419 0.46571892499923706 0.8756134510040283 0.05784720554947853 -0.11428341269493103 -1.6610671281814575 2.5884902477264404 -6.38782262802124 1 frame_419.jpg

420 0.4699569642543793 0.8731212019920349 0.05799686163663864 -0.11591435223817825 -1.6805107593536377 2.5248863697052 -6.4403510093688965 1 frame_420.jpg

421 0.47414007782936096 0.8706309199333191 0.058143433183431625 -0.11752576380968094 -1.7000139951705933 2.46109676361084 -6.491666793823242 1 frame_421.jpg

422 0.47855353355407715 0.8681595325469971 0.057708095759153366 -0.11813252419233322 -1.7045475244522095 2.394312858581543 -6.546921253204346 1 frame_422.jpg

423 0.48362553119659424 0.8657239675521851 0.05581580474972725 -0.11624520272016525 -1.6709338426589966 2.320028781890869 -6.613697528839111 1 frame_423.jpg

424 0.4886247217655182 0.8632814288139343 0.053941529244184494 -0.11437372118234634 -1.6371897459030151 2.2454497814178467 -6.678756237030029 1 frame_424.jpg

425 0.4935522973537445 0.860832691192627 0.0520852692425251 -0.11251791566610336 -1.6033310890197754 2.170607328414917 -6.742117881774902 1 frame_425.jpg

426 0.4984075129032135 0.8583795428276062 0.05024755373597145 -0.11067837476730347 -1.5693857669830322 2.095567464828491 -6.803783893585205 1 frame_426.jpg

427 0.5037105679512024 0.8558500409126282 0.04751618579030037 -0.1074177548289299 -1.512405514717102 2.013946056365967 -6.87103796005249 1 frame_427.jpg

428 0.5099257826805115 0.8531380891799927 0.043035510927438736 -0.10138584673404694 -1.4101141691207886 1.9193979501724243 -6.949495792388916 1 frame_428.jpg

429 0.5160185694694519 0.8503711819648743 0.03860171139240265 -0.09541267901659012 -1.307433843612671 1.8244860172271729 -7.024267673492432 1 frame_429.jpg

430 0.5219886302947998 0.8475533723831177 0.0342165045440197 -0.08950074017047882 -1.2044862508773804 1.7293232679367065 -7.095383167266846 1 frame_430.jpg

431 0.5278375148773193 0.8446877002716064 0.02988016977906227 -0.08365053683519363 -1.1013566255569458 1.6339893341064453 -7.1628923416137695 1 frame_431.jpg

432 0.5343968272209167 0.8415029048919678 0.02407125011086464 -0.07558760792016983 -0.9598071575164795 1.5262874364852905 -7.234978675842285 1 frame_432.jpg

433 0.5420147776603699 0.8377618193626404 0.016030943021178246 -0.06417280435562134 -0.7596641778945923 1.399679183959961 -7.312266826629639 1 frame_433.jpg

434 0.5493940711021423 0.833848774433136 0.008088426664471626 -0.05288589373230934 -0.5593125224113464 1.2729378938674927 -7.38094425201416 1 frame_434.jpg

435 0.5565394759178162 0.8297725319862366 0.0002446817234158516 -0.04172889515757561 -0.3590329885482788 1.146239161491394 -7.441182613372803 1 frame_435.jpg

436 0.5634539127349854 0.8255426287651062 -0.0074975755997002125 -0.030705798417329788 -0.15913592278957367 1.0197819471359253 -7.4931559562683105 1 frame_436.jpg

437 0.5712429285049438 0.8204317092895508 -0.017704585567116737 -0.016123149544000626 0.10517186671495438 0.8734464645385742 -7.538980007171631 1 frame_437.jpg

438 0.5796593427658081 0.8142997026443481 -0.0301361083984375 0.0016837409930303693 0.42854729294776917 0.7089805006980896 -7.570992946624756 1 frame_438.jpg

439 0.5876320004463196 0.8077883124351501 -0.042381301522254944 0.019247399643063545 0.749605119228363 0.5456901788711548 -7.585417747497559 1 frame_439.jpg

440 0.5951681137084961 0.8009219169616699 -0.05443141981959343 0.03655412048101425 1.0674769878387451 0.38402095437049866 -7.582816123962402 1 frame_440.jpg

441 0.6022764444351196 0.7937241792678833 -0.06627918779850006 0.05359251797199249 1.3813725709915161 0.22437401115894318 -7.563800811767578 1 frame_441.jpg

442 0.6095167398452759 0.7851516008377075 -0.08073516190052032 0.07421749085187912 1.7585489749908447 0.051236700266599655 -7.512820243835449 1 frame_442.jpg

443 0.6164148449897766 0.7755563259124756 -0.09626065939664841 0.09632771462202072 2.1604723930358887 -0.12592197954654694 -7.430497646331787 1 frame_443.jpg

444 0.6226848363876343 0.7654467821121216 -0.1114700585603714 0.11802225559949875 2.5525968074798584 -0.2987591624259949 -7.324256420135498 1 frame_444.jpg

445 0.6283451318740845 0.7548621296882629 -0.12635326385498047 0.13928526639938354 2.9337692260742188 -0.46676936745643616 -7.195449352264404 1 frame_445.jpg

446 0.6334142684936523 0.7438421845436096 -0.14090028405189514 0.16010107100009918 3.3029370307922363 -0.6294844150543213 -7.045489311218262 1 frame_446.jpg

447 0.6374961733818054 0.7326902747154236 -0.15538190305233002 0.1806102991104126 3.6592800617218018 -0.7778362035751343 -6.87451696395874 1 frame_447.jpg

448 0.640783429145813 0.7213292717933655 -0.16966912150382996 0.20073135197162628 4.001728057861328 -0.9153156280517578 -6.685064315795898 1 frame_448.jpg

449 0.6435476541519165 0.709632158279419 -0.18359290063381195 0.22036844491958618 4.329674243927002 -1.0469714403152466 -6.479430675506592 1 frame_449.jpg

450 0.6458103656768799 0.6976360082626343 -0.1971471905708313 0.2395116239786148 4.6425862312316895 -1.1725926399230957 -6.259093761444092 1 frame_450.jpg

451 0.64759361743927 0.6853762865066528 -0.21032847464084625 0.25815463066101074 4.940078258514404 -1.2920188903808594 -6.025509834289551 1 frame_451.jpg

452 0.6489193439483643 0.6728886365890503 -0.22313283383846283 0.27629029750823975 5.221835136413574 -1.4051291942596436 -5.78013801574707 1 frame_452.jpg

453 0.6491591930389404 0.6700208783149719 -0.22599159181118011 0.28034284710884094 5.2859392166137695 -1.430830955505371 -5.738542079925537 1 frame_453.jpg

454 0.6491591930389404 0.6700208783149719 -0.22599159181118011 0.28034284710884094 5.288807392120361 -1.4319413900375366 -5.758516788482666 1 frame_454.jpg

455 0.6491591930389404 0.6700208783149719 -0.22599159181118011 0.28034284710884094 5.29162073135376 -1.4330308437347412 -5.77810525894165 1 frame_455.jpg

456 0.6491591930389404 0.6700208783149719 -0.22599159181118011 0.28034284710884094 5.294376850128174 -1.4340981245040894 -5.797303676605225 1 frame_456.jpg

457 0.6491591930389404 0.6700208783149719 -0.22599159181118011 0.28034284710884094 5.297077178955078 -1.4351435899734497 -5.8161091804504395 1 frame_457.jpg

458 0.6491591930389404 0.6700208783149719 -0.22599159181118011 0.28034284710884094 5.299721717834473 -1.436167597770691 -5.834525108337402 1 frame_458.jpg

459 0.6491591930389404 0.6700208783149719 -0.22599159181118011 0.28034284710884094 5.302309989929199 -1.4371697902679443 -5.852548599243164 1 frame_459.jpg

460 0.6491591930389404 0.6700208783149719 -0.22599159181118011 0.28034284710884094 5.304840087890625 -1.4381499290466309 -5.870171546936035 1 frame_460.jpg

461 0.6491591930389404 0.6700208783149719 -0.22599159181118011 0.28034284710884094 5.307313919067383 -1.4391074180603027 -5.8873982429504395 1 frame_461.jpg

462 0.6491591930389404 0.6700208783149719 -0.22599159181118011 0.28034284710884094 5.3097310066223145 -1.4400430917739868 -5.904228687286377 1 frame_462.jpg

463 0.6491591930389404 0.6700208783149719 -0.22599159181118011 0.28034284710884094 5.3120903968811035 -1.4409565925598145 -5.920656681060791 1 frame_463.jpg

464 0.6491591930389404 0.6700208783149719 -0.22599159181118011 0.28034284710884094 5.31439208984375 -1.441847562789917 -5.936681747436523 1 frame_464.jpg

465 0.6491591930389404 0.6700208783149719 -0.22599159181118011 0.28034284710884094 5.316634178161621 -1.4427160024642944 -5.952298641204834 1 frame_465.jpg

466 0.6491591930389404 0.6700208783149719 -0.22599159181118011 0.28034284710884094 5.31881856918335 -1.443561315536499 -5.967508316040039 1 frame_466.jpg

467 0.6491591930389404 0.6700208783149719 -0.22599159181118011 0.28034284710884094 5.320943355560303 -1.4443843364715576 -5.982310771942139 1 frame_467.jpg

468 0.6491591930389404 0.6700208783149719 -0.22599159181118011 0.28034284710884094 5.3230109214782715 -1.445184588432312 -5.996699333190918 1 frame_468.jpg

469 0.6491591930389404 0.6700208783149719 -0.22599159181118011 0.28034284710884094 5.325016975402832 -1.4459619522094727 -6.010678291320801 1 frame_469.jpg

470 0.6491591930389404 0.6700208783149719 -0.22599159181118011 0.28034284710884094 5.326964378356934 -1.446716070175171 -6.024240016937256 1 frame_470.jpg

471 0.6491591930389404 0.6700208783149719 -0.22599159181118011 0.28034284710884094 5.32885217666626 -1.447446346282959 -6.0373854637146 1 frame_471.jpg

472 0.6491591930389404 0.6700208783149719 -0.22599159181118011 0.28034284710884094 5.330680847167969 -1.448154330253601 -6.050115585327148 1 frame_472.jpg

473 0.6491591930389404 0.6700208783149719 -0.22599159181118011 0.28034284710884094 5.332447528839111 -1.448838472366333 -6.062421798706055 1 frame_473.jpg

474 0.6491591930389404 0.6700208783149719 -0.22599159181118011 0.28034284710884094 5.334153175354004 -1.4494991302490234 -6.074301242828369 1 frame_474.jpg

475 0.6491591930389404 0.6700208783149719 -0.22599159181118011 0.28034284710884094 5.335798740386963 -1.4501365423202515 -6.085765361785889 1 frame_475.jpg

476 0.6491591930389404 0.6700208783149719 -0.22599159181118011 0.28034284710884094 5.33738374710083 -1.4507496356964111 -6.096796989440918 1 frame_476.jpg

477 0.6491591930389404 0.6700208783149719 -0.22599159181118011 0.28034284710884094 5.338907718658447 -1.451339602470398 -6.107405185699463 1 frame_477.jpg

478 0.6491591930389404 0.6700208783149719 -0.22599159181118011 0.28034284710884094 5.340367794036865 -1.4519057273864746 -6.117583274841309 1 frame_478.jpg

479 0.6491591930389404 0.6700208783149719 -0.22599159181118011 0.28034284710884094 5.341768264770508 -1.452447533607483 -6.127328395843506 1 frame_479.jpg

480 0.6491591930389404 0.6700208783149719 -0.22599159181118011 0.28034284710884094 5.343102931976318 -1.4529650211334229 -6.136631965637207 1 frame_480.jpg

481 0.6491591930389404 0.6700208783149719 -0.22599159181118011 0.28034284710884094 5.34437894821167 -1.4534586668014526 -6.145512104034424 1 frame_481.jpg

482 0.6491591930389404 0.6700208783149719 -0.22599159181118011 0.28034284710884094 5.345590114593506 -1.4539271593093872 -6.1539459228515625 1 frame_482.jpg

483 0.6491591930389404 0.6700208783149719 -0.22599159181118011 0.28034284710884094 5.346737384796143 -1.4543721675872803 -6.161942005157471 1 frame_483.jpg

484 0.6491591930389404 0.6700208783149719 -0.22599159181118011 0.28034284710884094 5.347822666168213 -1.4547922611236572 -6.16949987411499 1 frame_484.jpg

485 0.6491591930389404 0.6700208783149719 -0.22599159181118011 0.28034284710884094 5.3488450050354 -1.4551881551742554 -6.176611423492432 1 frame_485.jpg

486 0.6491591930389404 0.6700208783149719 -0.22599159181118011 0.28034284710884094 5.349802494049072 -1.4555584192276 -6.183279037475586 1 frame_486.jpg

487 0.6491591930389404 0.6700208783149719 -0.22599159181118011 0.28034284710884094 5.3506951332092285 -1.4559043645858765 -6.189497470855713 1 frame_487.jpg

488 0.6491591930389404 0.6700208783149719 -0.22599159181118011 0.28034284710884094 5.3515238761901855 -1.456225872039795 -6.195272922515869 1 frame_488.jpg

489 0.6491591930389404 0.6700208783149719 -0.22599159181118011 0.28034284710884094 5.35228967666626 -1.4565210342407227 -6.200592517852783 1 frame_489.jpg

490 0.6491591930389404 0.6700208783149719 -0.22599159181118011 0.28034284710884094 5.352986812591553 -1.4567917585372925 -6.205456256866455 1 frame_490.jpg

491 0.6491591930389404 0.6700208783149719 -0.22599159181118011 0.28034284710884094 5.35361909866333 -1.4570366144180298 -6.209870338439941 1 frame_491.jpg

492 0.6491591930389404 0.6700208783149719 -0.22599159181118011 0.28034284710884094 5.354188919067383 -1.4572571516036987 -6.2138285636901855 1 frame_492.jpg

493 0.6491591930389404 0.6700208783149719 -0.22599159181118011 0.28034284710884094 5.354691028594971 -1.4574514627456665 -6.217327117919922 1 frame_493.jpg

494 0.6491591930389404 0.6700208783149719 -0.22599159181118011 0.28034284710884094 5.355127811431885 -1.4576197862625122 -6.22036600112915 1 frame_494.jpg

495 0.6491591930389404 0.6700208783149719 -0.22599159181118011 0.28034284710884094 5.355497360229492 -1.4577633142471313 -6.222939968109131 1 frame_495.jpg

496 0.6491591930389404 0.6700208783149719 -0.22599159181118011 0.28034284710884094 5.355800628662109 -1.4578804969787598 -6.225050449371338 1 frame_496.jpg

497 0.6491591930389404 0.6700208783149719 -0.22599159181118011 0.28034284710884094 5.3560380935668945 -1.4579724073410034 -6.226702690124512 1 frame_497.jpg

498 0.6491591930389404 0.6700208783149719 -0.22599159181118011 0.28034284710884094 5.356207370758057 -1.4580378532409668 -6.227879524230957 1 frame_498.jpg

499 0.6491591930389404 0.6700208783149719 -0.22599159181118011 0.28034284710884094 5.3563079833984375 -1.4580774307250977 -6.228585243225098 1 frame_499.jpg

500 0.6491591930389404 0.6700208783149719 -0.22599159181118011 0.28034284710884094 5.356341361999512 -1.458090901374817 -6.228820323944092 1 frame_500.jpg

