# Image list generated by blender-exporter-colmap
1 0.7127212882041931 0.7013763189315796 0.003565473249182105 0.00932462140917778 -0.0895611047744751 0.10120797157287598 10.999422073364258 1 Camera.008.jpg

2 0.7127212882041931 0.7013763189315796 0.003565473249182105 0.00932462140917778 -0.08275076001882553 0.001265054801478982 10.376659393310547 2 Camera.010.jpg

3 0.7127212882041931 0.7013763189315796 0.003565473249182105 0.00932462140917778 -0.08243428170681 0.0006554632564075291 10.338491439819336 3 Camera.012.jpg

4 0.7127212882041931 0.7013763189315796 0.003565473249182105 0.00932462140917778 -0.08078403025865555 -0.002523252507671714 10.139463424682617 4 Camera.020.jpg

5 0.7127212882041931 0.7013763189315796 0.003565473249182105 0.00932462140917778 -0.07759077847003937 -0.008674079552292824 9.75434398651123 5 Camera.030.jpg

6 0.7127212882041931 0.7013763189315796 0.003565473249182105 0.00932462140917778 -0.07332339137792587 -0.016893917694687843 9.239677429199219 6 Camera.040.jpg

7 0.7127212882041931 0.7013763189315796 0.003565473249182105 0.00932462140917778 -0.06813420355319977 -0.02688930369913578 8.613840103149414 7 Camera.050.jpg

8 0.7127212882041931 0.7013763189315796 0.003565473249182105 0.00932462140917778 -0.06217559427022934 -0.038366757333278656 7.895205497741699 8 Camera.060.jpg

9 0.7127212882041931 0.7013763189315796 0.003565473249182105 0.00932462140917778 -0.055599913001060486 -0.05103280395269394 7.102149963378906 9 Camera.070.jpg

10 0.7127212882041931 0.7013763189315796 0.003565473249182105 0.00932462140917778 -0.048559535294771194 -0.06459395587444305 6.253049850463867 10 Camera.080.jpg

11 0.7127212882041931 0.7013763189315796 0.003565473249182105 0.00932462140917778 -0.013392297551035881 0.041756678372621536 5.364585876464844 11 Camera.090.jpg

12 0.7127212882041931 0.7013763189315796 0.003565473249182105 0.00932462140917778 -0.03369411453604698 -0.09322767704725266 4.460216045379639 12 Camera.100.jpg

13 0.7127212882041931 0.7013763189315796 0.003565473249182105 0.00932462140917778 -0.026173800230026245 -0.10771328210830688 3.5532336235046387 13 Camera.110.jpg

14 0.7127212882041931 0.7013763189315796 0.003565473249182105 0.00932462140917778 -0.0013449668185785413 0.018404502421617508 2.661611318588257 14 Camera.120.jpg

15 0.7127212882041931 0.7013763189315796 0.003565473249182105 0.00932462140917778 -0.011719758622348309 -0.13555461168289185 1.8100135326385498 15 Camera.130.jpg

16 0.7127212882041931 0.7013763189315796 0.003565473249182105 0.00932462140917778 -0.005090742837637663 -0.14832338690757751 1.0105257034301758 16 Camera.140.jpg

17 0.7127212882041931 0.7013763189315796 0.003565473249182105 0.00932462140917778 0.0009364099823869765 -0.15993286669254303 0.28362488746643066 17 Camera.150.jpg

18 0.7127212882041931 0.7013763189315796 0.003565473249182105 0.00932462140917778 0.0009364099823869765 -0.15993286669254303 0.28362488746643066 18 Camera.160.jpg

19 0.655494749546051 0.7551337480545044 0.0028228810988366604 0.0095756184309721 -0.0 -0.0 -0.0 19 Camera.165.jpg

20 0.7127212882041931 0.7013763189315796 0.003565473249182105 0.00932462140917778 0.010575827211141586 -0.17850027978420258 -0.8789305090904236 20 Camera.170.jpg

21 0.7127212882041931 0.7013763189315796 0.003565473249182105 0.00932462140917778 0.013883339241147041 -0.18487119674682617 -1.277830719947815 21 Camera.180.jpg

22 0.7127212882041931 0.7013763189315796 0.003565473249182105 0.00932462140917778 0.015979601070284843 -0.18890900909900665 -1.530648946762085 22 Camera.190.jpg

23 0.7127212882041931 0.7013763189315796 0.003565473249182105 0.00932462140917778 0.016712188720703125 -0.19032011926174164 -1.619002103805542 23 Camera.200.jpg

24 -0.7127212285995483 -0.7013763189315796 -0.0035654751118272543 -0.00932462140917778 0.016712183132767677 -0.19032010436058044 -1.6190019845962524 24 Camera.210.jpg

25 -0.7127212285995483 -0.7013763189315796 -0.0035654751118272543 -0.00932462140917778 0.016712183132767677 -0.19032010436058044 -1.6190019845962524 25 Camera.220.jpg

26 0.7127212882041931 0.7013763189315796 0.003565473249182105 0.00932462140917778 0.016712188720703125 -0.19032011926174164 -1.619002103805542 26 Camera.230.jpg

27 0.7127212882041931 0.7013763189315796 0.003565473249182105 0.00932462140917778 0.016712188720703125 -0.19032011926174164 -1.619002103805542 27 Camera.240.jpg

28 0.7127212882041931 0.7013763189315796 0.003565473249182105 0.00932462140917778 0.016712188720703125 -0.19032011926174164 -1.619002103805542 28 Camera.250.jpg

29 0.655494749546051 0.7551337480545044 0.0028228808660060167 0.009575620293617249 0.019282152876257896 0.1088886708021164 -1.9357500076293945 29 Camera.255.jpg

30 0.5801005363464355 0.8144837021827698 0.0018921013688668609 0.009802097454667091 0.018486294895410538 0.8390271067619324 -2.9284965991973877 30 Camera.260.jpg

31 -0.7127212285995483 -0.7013763189315796 -0.0035654751118272543 -0.00932462140917778 0.016712183132767677 -0.19032010436058044 -1.6190019845962524 31 Camera.jpg

