# Image list generated by blender-exporter-colmap1 0.7127212882041931 0.7013763189315796 0.0035654709208756685 0.009324619546532631 -0.0895611122250557 0.10120797157287598 10.999422073364258 1 Camera.008.jpg

2 0.7127212882041931 0.7013763189315796 0.0035654709208756685 0.009324619546532631 -0.08275076746940613 0.001265054801478982 10.376659393310547 2 Camera.010.jpg

3 0.7127212882041931 0.7013763189315796 0.0035654709208756685 0.009324619546532631 -0.08243429660797119 0.0006554632564075291 10.338491439819336 3 Camera.012.jpg

4 0.7127212882041931 0.7013763189315796 0.0035654709208756685 0.009324619546532631 -0.08078403770923615 -0.002523252507671714 10.139463424682617 4 Camera.020.jpg

5 0.7127212882041931 0.7013763189315796 0.0035654709208756685 0.009324619546532631 -0.07759079337120056 -0.008674079552292824 9.75434398651123 5 Camera.030.jpg

6 0.7127212882041931 0.7013763189315796 0.0035654709208756685 0.009324619546532631 -0.07332339882850647 -0.016893917694687843 9.239677429199219 6 Camera.040.jpg

7 0.7127212882041931 0.7013763189315796 0.0035654709208756685 0.009324619546532631 -0.06813421100378036 -0.02688930369913578 8.613840103149414 7 Camera.050.jpg

8 0.7127212882041931 0.7013763189315796 0.0035654709208756685 0.009324619546532631 -0.062175605446100235 -0.038366757333278656 7.895205497741699 8 Camera.060.jpg

9 0.7127212882041931 0.7013763189315796 0.0035654709208756685 0.009324619546532631 -0.05559992417693138 -0.05103280395269394 7.102149963378906 9 Camera.070.jpg

10 0.7127212882041931 0.7013763189315796 0.0035654709208756685 0.009324619546532631 -0.04855954274535179 -0.06459395587444305 6.253049850463867 10 Camera.080.jpg

11 0.7127212882041931 0.7013763189315796 0.0035654709208756685 0.009324619546532631 -0.013392305001616478 0.041756678372621536 5.364585876464844 11 Camera.090.jpg

12 0.7127212882041931 0.7013763189315796 0.0035654709208756685 0.009324619546532631 -0.03369412198662758 -0.09322767704725266 4.460216045379639 12 Camera.100.jpg

13 0.7127212882041931 0.7013763189315796 0.0035654709208756685 0.009324619546532631 -0.026173803955316544 -0.10771328210830688 3.5532336235046387 13 Camera.110.jpg

14 0.7127212882041931 0.7013763189315796 0.0035654709208756685 0.009324619546532631 -0.0013449687976390123 0.018404502421617508 2.661611318588257 14 Camera.120.jpg

15 0.7127212882041931 0.7013763189315796 0.0035654709208756685 0.009324619546532631 -0.011719761416316032 -0.13555461168289185 1.8100135326385498 15 Camera.130.jpg

16 0.7127212882041931 0.7013763189315796 0.0035654709208756685 0.009324619546532631 -0.005090744700282812 -0.14832338690757751 1.0105257034301758 16 Camera.140.jpg

17 0.7127212882041931 0.7013763189315796 0.0035654709208756685 0.009324619546532631 0.0009364088182337582 -0.15993286669254303 0.28362488746643066 17 Camera.150.jpg

18 0.7127212882041931 0.7013763189315796 0.0035654709208756685 0.009324619546532631 0.0009364088182337582 -0.15993286669254303 0.28362488746643066 18 Camera.160.jpg

19 0.655494749546051 0.7551337480545044 0.002822879934683442 0.009575615637004375 -0.0 -0.0 -0.0 19 Camera.165.jpg

20 0.7127212882041931 0.7013763189315796 0.0035654709208756685 0.009324619546532631 0.010575827211141586 -0.17850027978420258 -0.8789305090904236 20 Camera.170.jpg

21 0.7127212882041931 0.7013763189315796 0.0035654709208756685 0.009324619546532631 0.013883340172469616 -0.18487119674682617 -1.277830719947815 21 Camera.180.jpg

22 0.7127212882041931 0.7013763189315796 0.0035654709208756685 0.009324619546532631 0.015979602932929993 -0.18890900909900665 -1.530648946762085 22 Camera.190.jpg

23 0.7127212882041931 0.7013763189315796 0.0035654709208756685 0.009324619546532631 0.016712188720703125 -0.19032011926174164 -1.619002103805542 23 Camera.200.jpg

24 0.7127212882041931 0.7013763189315796 0.003565473249182105 0.00932462140917778 0.016712188720703125 -0.19032011926174164 -1.619002103805542 24 Camera.210.jpg

25 0.7127212882041931 0.7013763189315796 0.003565473249182105 0.00932462140917778 0.016712188720703125 -0.19032011926174164 -1.619002103805542 25 Camera.220.jpg

26 0.7127212882041931 0.7013763189315796 0.0035654709208756685 0.009324619546532631 0.016712188720703125 -0.19032011926174164 -1.619002103805542 26 Camera.230.jpg

27 0.7127212882041931 0.7013763189315796 0.0035654709208756685 0.009324619546532631 0.016712188720703125 -0.19032011926174164 -1.619002103805542 27 Camera.240.jpg

28 0.7127212882041931 0.7013763189315796 0.0035654709208756685 0.009324619546532631 0.016712188720703125 -0.19032011926174164 -1.619002103805542 28 Camera.250.jpg

29 0.655494749546051 0.7551337480545044 0.0028228790033608675 0.009575617499649525 0.019282151013612747 0.1088886708021164 -1.9357500076293945 29 Camera.255.jpg

30 0.5801004767417908 0.8144837021827698 0.0018920995062217116 0.009802097454667091 0.018486300483345985 0.8390271067619324 -2.9284963607788086 30 Camera.260.jpg

