# Image list generated by blender-exporter-colmap
1 0.7071067690849304 0.7071067690849304 0.0 -0.0 0.0011274531716480851 4.5346877186602796e-07 10.37415599822998 1 frame_1.jpg

2 0.7071067690849304 0.7071067690849304 0.0 -0.0 0.001128099742345512 4.5343745114223566e-07 10.37343978881836 1 frame_2.jpg

3 0.7071067690849304 0.7071067690849304 0.0 -0.0 0.0011291762348264456 4.5338535414884973e-07 10.372247695922852 1 frame_3.jpg

4 0.7071067690849304 0.7071067690849304 0.0 -0.0 0.0011306805536150932 4.5331256615099846e-07 10.370582580566406 1 frame_4.jpg

5 0.7071067690849304 0.7071067690849304 0.0 -0.0 0.0011326104868203402 4.5321917241381016e-07 10.368446350097656 1 frame_5.jpg

6 0.7071067690849304 0.7071067690849304 0.0 -0.0 0.00113496498670429 4.531052582024131e-07 10.365839958190918 1 frame_6.jpg

7 0.7071067690849304 0.7071067690849304 0.0 -0.0 0.0011377414921298623 4.529709087819356e-07 10.36276626586914 1 frame_7.jpg

8 0.7071067690849304 0.7071067690849304 0.0 -0.0 0.0011409391881898046 4.5281615257408703e-07 10.35922622680664 1 frame_8.jpg

9 0.7071067690849304 0.7071067690849304 0.0 -0.0 0.001144555862993002 4.5264116010912403e-07 10.355222702026367 1 frame_9.jpg

10 0.7071067690849304 0.7071067690849304 0.0 -0.0 0.0011485896538943052 4.5244598823046545e-07 10.350757598876953 1 frame_10.jpg

11 0.7071067690849304 0.7071067690849304 0.0 -0.0 0.0011530384654179215 4.522306653598207e-07 10.345831871032715 1 frame_11.jpg

12 0.7071067690849304 0.7071067690849304 0.0 -0.0 0.0011579012498259544 4.519953620274464e-07 10.340448379516602 1 frame_12.jpg

13 0.7071067690849304 0.7071067690849304 0.0 -0.0 0.0011631767265498638 4.5174010665505193e-07 10.334609031677246 1 frame_13.jpg

14 0.7071067690849304 0.7071067690849304 0.0 -0.0 0.0011688625672832131 4.514649845077656e-07 10.328314781188965 1 frame_14.jpg

15 0.7071067690849304 0.7071067690849304 0.0 -0.0 0.001174956327304244 4.511701376941346e-07 10.321569442749023 1 frame_15.jpg

16 0.7071067690849304 0.7071067690849304 0.0 -0.0 0.0011814575409516692 4.5085550937074004e-07 10.314372062683105 1 frame_16.jpg

17 0.7071067690849304 0.7071067690849304 0.0 -0.0 0.0011883627157658339 4.505213553329668e-07 10.306727409362793 1 frame_17.jpg

18 0.7071067690849304 0.7071067690849304 0.0 -0.0 0.0011956728994846344 4.501676471591054e-07 10.298635482788086 1 frame_18.jpg

19 0.7071067690849304 0.7071067690849304 0.0 -0.0 0.0012033834354951978 4.4979452695770306e-07 10.290099143981934 1 frame_19.jpg

20 0.7071067690849304 0.7071067690849304 0.0 -0.0 0.0012114947894588113 4.494020515721786e-07 10.281120300292969 1 frame_20.jpg

21 0.7071067690849304 0.7071067690849304 0.0 -0.0 0.001220004167407751 4.4899030626766034e-07 10.271700859069824 1 frame_21.jpg

22 0.7071067690849304 0.7071067690849304 0.0 -0.0 0.0012289092410355806 4.4855934788756713e-07 10.261841773986816 1 frame_22.jpg

23 0.7071067690849304 0.7071067690849304 0.0 -0.0 0.0011215584818273783 4.4810934696215554e-07 10.251546859741211 1 frame_23.jpg

24 0.7071067690849304 0.7071067690849304 0.0 -0.0 0.0009462040616199374 4.4764036033484444e-07 10.24081802368164 1 frame_24.jpg

25 0.7071067690849304 0.7071067690849304 0.0 -0.0 0.0007637786911800504 4.471524448490527e-07 10.229655265808105 1 frame_25.jpg

26 0.7071067690849304 0.7071067690849304 0.0 -0.0 0.0005743133369833231 4.4664565734819917e-07 10.218061447143555 1 frame_26.jpg

27 0.7071067690849304 0.7071067690849304 0.0 -0.0 0.00037783151492476463 4.46120139940831e-07 10.206039428710938 1 frame_27.jpg

28 0.7071067690849304 0.7071067690849304 0.0 -0.0 0.00017436040798202157 4.4557594947036705e-07 10.193589210510254 1 frame_28.jpg

29 0.7071067690849304 0.7071067690849304 0.0 -0.0 -3.606302198022604e-05 4.4501311435851676e-07 10.180713653564453 1 frame_29.jpg

30 0.7071067690849304 0.7071067690849304 0.0 -0.0 -0.00025342090521007776 4.444317767138273e-07 10.167413711547852 1 frame_30.jpg

31 0.7071067690849304 0.7071067690849304 0.0 -0.0 -0.00047765130875632167 4.438320218014269e-07 10.153693199157715 1 frame_31.jpg

32 0.7071067690849304 0.7071067690849304 0.0 -0.0 -0.0007087384583428502 4.432139348864439e-07 10.13955307006836 1 frame_32.jpg

33 0.7071067690849304 0.7071067690849304 0.0 -0.0 -0.0009466744959354401 4.425775443905877e-07 10.124994277954102 1 frame_33.jpg

34 0.7071067690849304 0.7071067690849304 0.0 -0.0 -0.0011913739144802094 4.419230776875338e-07 10.110021591186523 1 frame_34.jpg

35 0.7071067690849304 0.7071067690849304 0.0 -0.0 -0.0014428679132834077 4.41250392668735e-07 10.094632148742676 1 frame_35.jpg

36 0.7071067690849304 0.7071067690849304 0.0 -0.0 -0.002179402858018875 4.405604272506025e-07 10.078847885131836 1 frame_36.jpg

37 0.7071067690849304 0.7071067690849304 0.0 -0.0 -0.002966279862448573 4.398525845772383e-07 10.062654495239258 1 frame_37.jpg

38 0.7071067690849304 0.7071067690849304 0.0 -0.0 -0.003772979136556387 4.3912694991377066e-07 10.046053886413574 1 frame_38.jpg

39 0.7071067690849304 0.7071067690849304 0.0 -0.0 -0.004599356092512608 4.3838358010361844e-07 10.029047012329102 1 frame_39.jpg

40 0.7071067690849304 0.7071067690849304 0.0 -0.0 -0.0054453699849545956 4.376225319902005e-07 10.011636734008789 1 frame_40.jpg

41 0.7071067690849304 0.7071067690849304 0.0 -0.0 -0.006310969591140747 4.368439192603546e-07 9.993824005126953 1 frame_41.jpg

42 0.7071067690849304 0.7071067690849304 0.0 -0.0 -0.007195957005023956 4.36047827179209e-07 9.975611686706543 1 frame_42.jpg

43 0.7071067690849304 0.7071067690849304 0.0 -0.0 -0.008100315928459167 4.352342841684731e-07 9.956999778747559 1 frame_43.jpg

44 0.7071067690849304 0.7071067690849304 0.0 -0.0 -0.009321753866970539 4.3440431340968644e-07 9.93801212310791 1 frame_44.jpg

45 0.7071067690849304 0.7071067690849304 0.0 -0.0 -0.01081651821732521 4.335577443725924e-07 9.918644905090332 1 frame_45.jpg

46 0.7071067690849304 0.7071067690849304 0.0 -0.0 -0.012341497465968132 4.326940370447119e-07 9.898885726928711 1 frame_46.jpg

47 0.7071067690849304 0.7071067690849304 0.0 -0.0 -0.013896530494093895 4.318133619563014e-07 9.878738403320312 1 frame_47.jpg

48 0.7071067690849304 0.7071067690849304 0.0 -0.0 -0.015481523238122463 4.3091566226394207e-07 9.858201026916504 1 frame_48.jpg

49 0.7071067690849304 0.7071067690849304 0.0 -0.0 -0.017096348106861115 4.3000110849789053e-07 9.837278366088867 1 frame_49.jpg

50 0.7071067690849304 0.7071067690849304 0.0 -0.0 -0.018825894221663475 4.2907007014036935e-07 9.81597900390625 1 frame_50.jpg

51 0.7071067690849304 0.7071067690849304 0.0 -0.0 -0.020958563312888145 4.281238261683029e-07 9.794331550598145 1 frame_51.jpg

52 0.7071067690849304 0.7071067690849304 0.0 -0.0 -0.023128632456064224 4.2716092707451025e-07 9.772302627563477 1 frame_52.jpg

53 0.7071067690849304 0.7071067690849304 0.0 -0.0 -0.02533595822751522 4.2618154338924796e-07 9.749897003173828 1 frame_53.jpg

54 0.7071067690849304 0.7071067690849304 0.0 -0.0 -0.027580194175243378 4.2518576037764433e-07 9.727116584777832 1 frame_54.jpg

55 0.7071067690849304 0.7071067690849304 0.0 -0.0 -0.029877185821533203 4.241737201482465e-07 9.703963279724121 1 frame_55.jpg

56 0.7071067690849304 0.7071067690849304 0.0 -0.0 -0.032415010035037994 4.231462753523374e-07 9.680458068847656 1 frame_56.jpg

57 0.7071067690849304 0.7071067690849304 0.0 -0.0 -0.034992679953575134 4.221026870254718e-07 9.656583786010742 1 frame_57.jpg

58 0.7071067690849304 0.7071067690849304 0.0 -0.0 -0.03761009871959686 4.2104301201106864e-07 9.632341384887695 1 frame_58.jpg

59 0.7071067690849304 0.7071067690849304 0.0 -0.0 -0.04026687517762184 4.1996742083938443e-07 9.607734680175781 1 frame_59.jpg

60 0.7071067690849304 0.7071067690849304 0.0 -0.0 -0.042812902480363846 4.1887520296768344e-07 9.582747459411621 1 frame_60.jpg

61 0.7071067690849304 0.7071067690849304 0.0 -0.0 -0.04535830020904541 4.177668699867354e-07 9.557392120361328 1 frame_61.jpg

62 0.7071067690849304 0.7071067690849304 0.0 -0.0 -0.04793977737426758 4.166429334873101e-07 9.531679153442383 1 frame_62.jpg

63 0.7071067690849304 0.7071067690849304 0.0 -0.0 -0.050465188920497894 4.15502967143766e-07 9.505599975585938 1 frame_63.jpg

64 0.7071067690849304 0.7071067690849304 0.0 -0.0 -0.05235482007265091 4.143448393278959e-07 9.479104995727539 1 frame_64.jpg

65 0.7071067690849304 0.7071067690849304 0.0 -0.0 -0.05426983907818794 4.1317116483696736e-07 9.452254295349121 1 frame_65.jpg

66 0.7071067690849304 0.7071067690849304 0.0 -0.0 -0.05621002987027168 4.1198200051439926e-07 9.425049781799316 1 frame_66.jpg

67 0.7071067690849304 0.7071067690849304 0.0 -0.0 -0.05694016069173813 4.107751010451466e-07 9.397439002990723 1 frame_67.jpg

68 0.7071067690849304 0.7071067690849304 0.0 -0.0 -0.057463955134153366 4.095523991054506e-07 9.369466781616211 1 frame_68.jpg

69 0.7071067690849304 0.7071067690849304 0.0 -0.0 -0.05799424275755882 4.083145199729188e-07 9.341147422790527 1 frame_69.jpg

70 0.7071067690849304 0.7071067690849304 0.0 -0.0 -0.056731224060058594 4.0706288473302266e-07 9.31251335144043 1 frame_70.jpg

71 0.7071067690849304 0.7071067690849304 0.0 -0.0 -0.05512538552284241 4.0579641336080385e-07 9.283539772033691 1 frame_71.jpg

72 0.7071067690849304 0.7071067690849304 0.0 -0.0 -0.05350060760974884 4.045150205911341e-07 9.25422477722168 1 frame_72.jpg

73 0.7071067690849304 0.7071067690849304 0.0 -0.0 -0.04930480197072029 4.0322990457752894e-07 9.224824905395508 1 frame_73.jpg

74 0.7071067690849304 0.7071067690849304 0.0 -0.0 -0.0449957475066185 4.019303787572426e-07 9.19509506225586 1 frame_74.jpg

75 0.7071067690849304 0.7071067690849304 0.0 -0.0 -0.040319040417671204 4.0061891581899545e-07 9.165092468261719 1 frame_75.jpg

76 0.7071067690849304 0.7071067690849304 0.0 -0.0 -0.03312285989522934 3.9931376250024186e-07 9.135233879089355 1 frame_76.jpg

77 0.7071067690849304 0.7071067690849304 0.0 -0.0 -0.025848526507616043 3.979944267484825e-07 9.105051040649414 1 frame_77.jpg

78 0.7071067690849304 0.7071067690849304 0.0 -0.0 -0.018099311739206314 3.9666599604970543e-07 9.074660301208496 1 frame_78.jpg

79 0.7071067690849304 0.7071067690849304 0.0 -0.0 -0.008031146600842476 3.953517477839341e-07 9.044593811035156 1 frame_79.jpg

80 0.7071067690849304 0.7071067690849304 0.0 -0.0 0.0021411883644759655 3.9402388551934564e-07 9.014215469360352 1 frame_80.jpg

81 0.7071067690849304 0.7071067690849304 0.0 -0.0 0.012417161837220192 3.926824945210683e-07 8.983528137207031 1 frame_81.jpg

82 0.7071067690849304 0.7071067690849304 0.0 -0.0 0.021648630499839783 3.913119712706248e-07 8.952174186706543 1 frame_82.jpg

83 0.7071067690849304 0.7071067690849304 0.0 -0.0 0.030946409329771996 3.899276350693981e-07 8.920504570007324 1 frame_83.jpg

84 0.7071067690849304 0.7071067690849304 0.0 -0.0 0.04033464938402176 3.8852979855619196e-07 8.88852596282959 1 frame_84.jpg

85 0.7071067690849304 0.7071067690849304 0.0 -0.0 0.04471452534198761 3.8707290173078945e-07 8.855195999145508 1 frame_85.jpg

86 0.7071067690849304 0.7071067690849304 0.0 -0.0 0.048761092126369476 3.8559892345801927e-07 8.8214750289917 1 frame_86.jpg

87 0.7071067690849304 0.7071067690849304 0.0 -0.0 0.050848573446273804 3.8410817637668515e-07 8.787370681762695 1 frame_87.jpg

88 0.7071067690849304 0.7071067690849304 0.0 -0.0 0.049204155802726746 3.825980456895195e-07 8.752822875976562 1 frame_88.jpg

89 0.7071067690849304 0.7071067690849304 0.0 -0.0 0.04717626795172691 3.810762052580685e-07 8.71800708770752 1 frame_89.jpg

90 0.7071067690849304 0.7071067690849304 0.0 -0.0 0.04035792127251625 3.795663872097066e-07 8.683466911315918 1 frame_90.jpg

91 0.7071067690849304 0.7071067690849304 0.0 -0.0 0.0334799699485302 3.7804338148816896e-07 8.648624420166016 1 frame_91.jpg

92 0.7071067690849304 0.7071067690849304 0.0 -0.0 0.022758670151233673 3.765495080187975e-07 8.614448547363281 1 frame_92.jpg

93 0.7071067690849304 0.7071067690849304 0.0 -0.0 0.011821662075817585 3.750448342998425e-07 8.580025672912598 1 frame_93.jpg

94 0.7071067690849304 0.7071067690849304 0.0 -0.0 -0.0012038210406899452 3.7355800941440975e-07 8.546010971069336 1 frame_94.jpg

95 0.7071067690849304 0.7071067690849304 0.0 -0.0 -0.014368485659360886 3.7205950320640113e-07 8.51172924041748 1 frame_95.jpg

96 0.7071067690849304 0.7071067690849304 0.0 -0.0 -0.02776382677257061 3.7055104940009187e-07 8.477219581604004 1 frame_96.jpg

97 0.7071067690849304 0.7071067690849304 0.0 -0.0 -0.04030914977192879 3.69015680234952e-07 8.442094802856445 1 frame_97.jpg

98 0.7071067690849304 0.7071067690849304 0.0 -0.0 -0.05182790383696556 3.674508093354234e-07 8.406294822692871 1 frame_98.jpg

99 0.7071067690849304 0.7071067690849304 0.0 -0.0 -0.059611812233924866 3.6583168139259215e-07 8.369253158569336 1 frame_99.jpg

100 0.7071067690849304 0.7071067690849304 0.0 -0.0 -0.06490673124790192 3.6418410331862106e-07 8.331561088562012 1 frame_100.jpg

101 0.7071067690849304 0.7071067690849304 0.0 -0.0 -0.0643777847290039 3.625024191933335e-07 8.293088912963867 1 frame_101.jpg

102 0.7071067690849304 0.7071067690849304 0.0 -0.0 -0.058141790330410004 3.608413123856735e-07 8.255086898803711 1 frame_102.jpg

103 0.7071067690849304 0.7071067690849304 0.0 -0.0 -0.04850505664944649 3.5918739627049945e-07 8.217249870300293 1 frame_103.jpg

104 0.7071067690849304 0.7071067690849304 0.0 -0.0 -0.030995067209005356 3.576513734060427e-07 8.182109832763672 1 frame_104.jpg

105 0.7071067690849304 0.7071067690849304 0.0 -0.0 -0.012777996249496937 3.56114099986371e-07 8.146941184997559 1 frame_105.jpg

106 0.7071067690849304 0.7071067690849304 0.0 -0.0 0.005887359380722046 3.5457338753985823e-07 8.111693382263184 1 frame_106.jpg

107 0.7071067690849304 0.7071067690849304 0.0 -0.0 0.024690866470336914 3.5302227274769393e-07 8.076208114624023 1 frame_107.jpg

108 0.7071067690849304 0.7071067690849304 0.0 -0.0 0.04362274706363678 3.5146052823620266e-07 8.04047966003418 1 frame_108.jpg

109 0.7071067690849304 0.7071067690849304 0.0 -0.0 0.05855785682797432 3.4981525232069544e-07 8.002840042114258 1 frame_109.jpg

110 0.7071067690849304 0.7071067690849304 0.0 -0.0 0.07000088691711426 3.4809531257451454e-07 7.963492393493652 1 frame_110.jpg

111 0.7071067690849304 0.7071067690849304 0.0 -0.0 0.08151888102293015 3.4636417467481806e-07 7.923888683319092 1 frame_111.jpg

112 0.7071067690849304 0.7071067690849304 0.0 -0.0 0.08733783662319183 3.445770460075437e-07 7.883004188537598 1 frame_112.jpg

113 0.7071067690849304 0.7071067690849304 0.0 -0.0 0.09018032252788544 3.4275515758963593e-07 7.8413238525390625 1 frame_113.jpg

114 0.7071067690849304 0.7071067690849304 0.0 -0.0 0.09217014163732529 3.4092298051291436e-07 7.799408435821533 1 frame_114.jpg

115 0.7071067690849304 0.7071067690849304 0.0 -0.0 0.08693844079971313 3.390881886389252e-07 7.7574334144592285 1 frame_115.jpg

116 0.7071067690849304 0.7071067690849304 0.0 -0.0 0.08167477697134018 3.372422270331299e-07 7.715202808380127 1 frame_116.jpg

117 0.7071067690849304 0.7071067690849304 0.0 -0.0 0.0720704197883606 3.354223849783011e-07 7.673569679260254 1 frame_117.jpg

118 0.7071067690849304 0.7071067690849304 0.0 -0.0 0.06070706248283386 3.336064366976643e-07 7.632025718688965 1 frame_118.jpg

119 0.7071067690849304 0.7071067690849304 0.0 -0.0 0.047919370234012604 3.3179881597789063e-07 7.590672016143799 1 frame_119.jpg

120 0.7071067690849304 0.7071067690849304 0.0 -0.0 0.03296109288930893 3.300098683212127e-07 7.549745559692383 1 frame_120.jpg

121 0.7071067690849304 0.7071067690849304 0.0 -0.0 0.017820335924625397 3.282123088865774e-07 7.508622169494629 1 frame_121.jpg

122 0.7071067690849304 0.7071067690849304 0.0 -0.0 0.001767164096236229 3.264182737439114e-07 7.4675798416137695 1 frame_122.jpg

123 0.7071067690849304 0.7071067690849304 0.0 -0.0 -0.014374593272805214 3.2461431942465424e-07 7.426310062408447 1 frame_123.jpg

124 0.7071067690849304 0.7071067690849304 0.0 -0.0 -0.029202699661254883 3.227777654046804e-07 7.384294509887695 1 frame_124.jpg

125 0.7071067690849304 0.7071067690849304 0.0 -0.0 -0.04387455806136131 3.2092745527734223e-07 7.341964244842529 1 frame_125.jpg

126 0.7071067690849304 0.7071067690849304 0.0 -0.0 -0.05567806959152222 3.1902999353405903e-07 7.298555374145508 1 frame_126.jpg

127 0.7071067690849304 0.7071067690849304 0.0 -0.0 -0.066019706428051 3.171031437432248e-07 7.254474639892578 1 frame_127.jpg

128 0.7071067690849304 0.7071067690849304 0.0 -0.0 -0.07256945222616196 3.151413068280817e-07 7.209592819213867 1 frame_128.jpg

129 0.7071067690849304 0.7071067690849304 0.0 -0.0 -0.07548508048057556 3.1314573334384477e-07 7.163939476013184 1 frame_129.jpg

130 0.7071067690849304 0.7071067690849304 0.0 -0.0 -0.07475841045379639 3.1114700504986104e-07 7.118213653564453 1 frame_130.jpg

131 0.7071067690849304 0.7071067690849304 0.0 -0.0 -0.06778620183467865 3.0915026627553743e-07 7.07253360748291 1 frame_131.jpg

132 0.7071067690849304 0.7071067690849304 0.0 -0.0 -0.05947211757302284 3.0715926868651877e-07 7.026985168457031 1 frame_132.jpg

133 0.7071067690849304 0.7071067690849304 0.0 -0.0 -0.04213983193039894 3.052654733437521e-07 6.983659744262695 1 frame_133.jpg

134 0.7071067690849304 0.7071067690849304 0.0 -0.0 -0.024724647402763367 3.0336255463225825e-07 6.940126419067383 1 frame_134.jpg

135 0.7071067690849304 0.7071067690849304 0.0 -0.0 -0.00669566635042429 3.014601759332436e-07 6.896605014801025 1 frame_135.jpg

136 0.7071067690849304 0.7071067690849304 0.0 -0.0 0.011738456785678864 2.99554699267901e-07 6.853012561798096 1 frame_136.jpg

137 0.7071067690849304 0.7071067690849304 0.0 -0.0 0.030258014798164368 2.976403266075067e-07 6.8092169761657715 1 frame_137.jpg

138 0.7071067690849304 0.7071067690849304 0.0 -0.0 0.04703609645366669 2.9569230264314683e-07 6.764651298522949 1 frame_138.jpg

139 0.7071067690849304 0.7071067690849304 0.0 -0.0 0.05696747079491615 2.936403973308188e-07 6.717709541320801 1 frame_139.jpg

140 0.7071067690849304 0.7071067690849304 0.0 -0.0 0.06694256514310837 2.915795107583108e-07 6.670561790466309 1 frame_140.jpg

141 0.7071067690849304 0.7071067690849304 0.0 -0.0 0.07419617474079132 2.8949600050509616e-07 6.622896671295166 1 frame_141.jpg

142 0.7071067690849304 0.7071067690849304 0.0 -0.0 0.07490502297878265 2.873713071949169e-07 6.574289321899414 1 frame_142.jpg

143 0.7071067690849304 0.7071067690849304 0.0 -0.0 0.07561688125133514 2.852375473594293e-07 6.525474548339844 1 frame_143.jpg

144 0.7071067690849304 0.7071067690849304 0.0 -0.0 0.07066304981708527 2.831120866630954e-07 6.476849555969238 1 frame_144.jpg

145 0.7071067690849304 0.7071067690849304 0.0 -0.0 0.06313139945268631 2.8098554594180314e-07 6.4282002449035645 1 frame_145.jpg

146 0.7071067690849304 0.7071067690849304 0.0 -0.0 0.05411011353135109 2.7886429165846494e-07 6.379671096801758 1 frame_146.jpg

147 0.7071067690849304 0.7071067690849304 0.0 -0.0 0.04064755141735077 2.767762907751603e-07 6.331903457641602 1 frame_147.jpg

148 0.7071067690849304 0.7071067690849304 0.0 -0.0 0.02713143825531006 2.7468001917441143e-07 6.283946514129639 1 frame_148.jpg

149 0.7071067690849304 0.7071067690849304 0.0 -0.0 0.010817759670317173 2.726135335251456e-07 6.23667049407959 1 frame_149.jpg

150 0.7071067690849304 0.7071067690849304 0.0 -0.0 -0.0058650607243180275 2.705432393668161e-07 6.189308166503906 1 frame_150.jpg

151 0.7071067690849304 0.7071067690849304 0.0 -0.0 -0.02268582582473755 2.684661808416422e-07 6.141790390014648 1 frame_151.jpg

152 0.7071067690849304 0.7071067690849304 0.0 -0.0 -0.039615973830223083 2.6638201688911067e-07 6.094110488891602 1 frame_152.jpg

153 0.7071067690849304 0.7071067690849304 0.0 -0.0 -0.055374711751937866 2.6427289867569925e-07 6.045859336853027 1 frame_153.jpg

154 0.7071067690849304 0.7071067690849304 0.0 -0.0 -0.06936454027891159 2.621304702188354e-07 5.9968461990356445 1 frame_154.jpg

155 0.7071067690849304 0.7071067690849304 0.0 -0.0 -0.08165498077869415 2.5996394015237456e-07 5.947281837463379 1 frame_155.jpg

156 0.7071067690849304 0.7071067690849304 0.0 -0.0 -0.08907000720500946 2.577434656814148e-07 5.896483421325684 1 frame_156.jpg

157 0.7071067690849304 0.7071067690849304 0.0 -0.0 -0.09477058798074722 2.5551176463523007e-07 5.845427989959717 1 frame_157.jpg

158 0.7071067690849304 0.7071067690849304 0.0 -0.0 -0.0920184776186943 2.5325533670184086e-07 5.793806552886963 1 frame_158.jpg

159 0.7071067690849304 0.7071067690849304 0.0 -0.0 -0.08867131918668747 2.5099564027186716e-07 5.7421112060546875 1 frame_159.jpg

160 0.7071067690849304 0.7071067690849304 0.0 -0.0 -0.07384322583675385 2.4881495619411e-07 5.692222595214844 1 frame_160.jpg

161 0.7071067690849304 0.7071067690849304 0.0 -0.0 -0.05896594375371933 2.466270530021575e-07 5.642168998718262 1 frame_161.jpg

162 0.7071067690849304 0.7071067690849304 0.0 -0.0 -0.035817526280879974 2.4458520897496783e-07 5.595457553863525 1 frame_162.jpg

163 0.7071067690849304 0.7071067690849304 0.0 -0.0 -0.009843390434980392 2.4258801545329334e-07 5.549767017364502 1 frame_163.jpg

164 0.7071067690849304 0.7071067690849304 0.0 -0.0 0.016144167631864548 2.4058286385297833e-07 5.503894329071045 1 frame_164.jpg

165 0.7071067690849304 0.7071067690849304 0.0 -0.0 0.04140782728791237 2.385517916536628e-07 5.457428932189941 1 frame_165.jpg

166 0.7071067690849304 0.7071067690849304 0.0 -0.0 0.06674870103597641 2.3651452352169144e-07 5.410821437835693 1 frame_166.jpg

167 0.7071067690849304 0.7071067690849304 0.0 -0.0 0.08467581868171692 2.343490166367701e-07 5.36128044128418 1 frame_167.jpg

168 0.7071067690849304 0.7071067690849304 0.0 -0.0 0.09608761966228485 2.3207000765523844e-07 5.30914306640625 1 frame_168.jpg

169 0.7071067690849304 0.7071067690849304 0.0 -0.0 0.10077734291553497 2.2976379909778188e-07 5.256382942199707 1 frame_169.jpg

170 0.7071067690849304 0.7071067690849304 0.0 -0.0 0.09665566682815552 2.2742413818832574e-07 5.202857971191406 1 frame_170.jpg

171 0.7071067690849304 0.7071067690849304 0.0 -0.0 0.08622650802135468 2.2513138731028448e-07 5.1504058837890625 1 frame_171.jpg

172 0.7071067690849304 0.7071067690849304 0.0 -0.0 0.06987636536359787 2.228822779670736e-07 5.098952293395996 1 frame_172.jpg

173 0.7071067690849304 0.7071067690849304 0.0 -0.0 0.049208689481019974 2.207009117682901e-07 5.04904842376709 1 frame_173.jpg

174 0.7071067690849304 0.7071067690849304 0.0 -0.0 0.025772109627723694 2.1856057230706938e-07 5.000082969665527 1 frame_174.jpg

175 0.7071067690849304 0.7071067690849304 0.0 -0.0 0.0006568720564246178 2.1645044512297318e-07 4.951808929443359 1 frame_175.jpg

176 0.7071067690849304 0.7071067690849304 0.0 -0.0 -0.025361917912960052 2.1435344876863383e-07 4.903835296630859 1 frame_176.jpg

177 0.7071067690849304 0.7071067690849304 0.0 -0.0 -0.05047379434108734 2.122287128258904e-07 4.855226993560791 1 frame_177.jpg

178 0.7071067690849304 0.7071067690849304 0.0 -0.0 -0.07516520470380783 2.100875491350962e-07 4.806242942810059 1 frame_178.jpg

179 0.7071067690849304 0.7071067690849304 0.0 -0.0 -0.09615009278059006 2.078689789186683e-07 4.75548791885376 1 frame_179.jpg

180 0.7071067690849304 0.7071067690849304 0.0 -0.0 -0.11539158225059509 2.056107035741661e-07 4.703824520111084 1 frame_180.jpg

181 0.7071067690849304 0.7071067690849304 0.0 -0.0 -0.12745970487594604 2.0326264404957328e-07 4.650107383728027 1 frame_181.jpg

182 0.7071067690849304 0.7071067690849304 0.0 -0.0 -0.13656467199325562 2.0087408358904213e-07 4.595463275909424 1 frame_182.jpg

183 0.7071067690849304 0.7071067690849304 0.0 -0.0 -0.13548533618450165 1.984629136586591e-07 4.540302276611328 1 frame_183.jpg

184 0.7071067690849304 0.7071067690849304 0.0 -0.0 -0.13053490221500397 1.9603979239946057e-07 4.484867572784424 1 frame_184.jpg

185 0.7071067690849304 0.7071067690849304 0.0 -0.0 -0.11667072772979736 1.9369913673017436e-07 4.431319713592529 1 frame_185.jpg

186 0.7071067690849304 0.7071067690849304 0.0 -0.0 -0.09718946367502213 1.9140850326948566e-07 4.378916263580322 1 frame_186.jpg

187 0.7071067690849304 0.7071067690849304 0.0 -0.0 -0.07567621022462845 1.891570633461015e-07 4.327409267425537 1 frame_187.jpg

188 0.7071067690849304 0.7071067690849304 0.0 -0.0 -0.04470605403184891 1.8710971971813706e-07 4.280571460723877 1 frame_188.jpg

189 0.7071067690849304 0.7071067690849304 0.0 -0.0 -0.013670681044459343 1.850580559903392e-07 4.233634948730469 1 frame_189.jpg

190 0.7071067690849304 0.7071067690849304 0.0 -0.0 0.017013022676110268 1.829907319006452e-07 4.186339855194092 1 frame_190.jpg

191 0.7071067690849304 0.7071067690849304 0.0 -0.0 0.04569943621754646 1.8086302588926628e-07 4.137663841247559 1 frame_191.jpg

192 0.7071067690849304 0.7071067690849304 0.0 -0.0 0.07444395869970322 1.7873101398890867e-07 4.088889122009277 1 frame_192.jpg

193 0.7071067690849304 0.7071067690849304 0.0 -0.0 0.09415493905544281 1.76440678956169e-07 4.036492347717285 1 frame_193.jpg

194 0.7071067690849304 0.7071067690849304 0.0 -0.0 0.1058640331029892 1.7400971330516768e-07 3.9808783531188965 1 frame_194.jpg

195 0.7071067690849304 0.7071067690849304 0.0 -0.0 0.11384633183479309 1.715642099497927e-07 3.924931764602661 1 frame_195.jpg

196 0.7071067690849304 0.7071067690849304 0.0 -0.0 0.10885702073574066 1.6908013833472069e-07 3.868102550506592 1 frame_196.jpg

197 0.7071067690849304 0.7071067690849304 0.0 -0.0 0.10385870188474655 1.6659156187870394e-07 3.8111705780029297 1 frame_197.jpg

198 0.7071067690849304 0.7071067690849304 0.0 -0.0 0.08810508996248245 1.641882363401237e-07 3.7561888694763184 1 frame_198.jpg

199 0.7071067690849304 0.7071067690849304 0.0 -0.0 0.07171927392482758 1.6178577766368107e-07 3.7012271881103516 1 frame_199.jpg

200 0.7071067690849304 0.7071067690849304 0.0 -0.0 0.05217452347278595 1.5942812581215549e-07 3.6472902297973633 1 frame_200.jpg

201 0.7071067690849304 0.7071067690849304 0.0 -0.0 0.02993975207209587 1.5710811851477047e-07 3.594214677810669 1 frame_201.jpg

202 0.7071067690849304 0.7071067690849304 0.0 -0.0 0.00766849797219038 1.5478428849746706e-07 3.5410516262054443 1 frame_202.jpg

203 0.7071067690849304 0.7071067690849304 0.0 -0.0 -0.01616865023970604 1.5248589591010386e-07 3.4884705543518066 1 frame_203.jpg

204 0.7071067690849304 0.7071067690849304 0.0 -0.0 -0.040082432329654694 1.5018466115179763e-07 3.435824394226074 1 frame_204.jpg

205 0.7071067690849304 0.7071067690849304 0.0 -0.0 -0.06350648403167725 1.4787003976834967e-07 3.3828721046447754 1 frame_205.jpg

206 0.7071067690849304 0.7071067690849304 0.0 -0.0 -0.0856248289346695 1.45526513506411e-07 3.329258680343628 1 frame_206.jpg

207 0.7071067690849304 0.7071067690849304 0.0 -0.0 -0.10777517408132553 1.431796050610501e-07 3.2755675315856934 1 frame_207.jpg

208 0.7071067690849304 0.7071067690849304 0.0 -0.0 -0.12730450928211212 1.4078788979077217e-07 3.220851421356201 1 frame_208.jpg

209 0.7071067690849304 0.7071067690849304 0.0 -0.0 -0.14430925250053406 1.3835287404617702e-07 3.165144920349121 1 frame_209.jpg

210 0.7071067690849304 0.7071067690849304 0.0 -0.0 -0.16133655607700348 1.3591466085927095e-07 3.1093649864196777 1 frame_210.jpg

211 0.7071067690849304 0.7071067690849304 0.0 -0.0 -0.17239916324615479 1.3341460203264432e-07 3.0521702766418457 1 frame_211.jpg

212 0.7071067690849304 0.7071067690849304 0.0 -0.0 -0.18079164624214172 1.308850983150478e-07 2.9943020343780518 1 frame_212.jpg

213 0.7071067690849304 0.7071067690849304 0.0 -0.0 -0.18919464945793152 1.2835242557684978e-07 2.936361312866211 1 frame_213.jpg

214 0.7071067690849304 0.7071067690849304 0.0 -0.0 -0.1882065236568451 1.2579852182170725e-07 2.877934694290161 1 frame_214.jpg

215 0.7071067690849304 0.7071067690849304 0.0 -0.0 -0.18495497107505798 1.2323715736783925e-07 2.8193376064300537 1 frame_215.jpg

216 0.7071067690849304 0.7071067690849304 0.0 -0.0 -0.18169988691806793 1.2067300758644706e-07 2.760676622390747 1 frame_216.jpg

217 0.7071067690849304 0.7071067690849304 0.0 -0.0 -0.16861708462238312 1.181780149295264e-07 2.7035977840423584 1 frame_217.jpg

218 0.7071067690849304 0.7071067690849304 0.0 -0.0 -0.15249785780906677 1.1570247693271085e-07 2.6469640731811523 1 frame_218.jpg

219 0.7071067690849304 0.7071067690849304 0.0 -0.0 -0.13636191189289093 1.1322438098204657e-07 2.5902719497680664 1 frame_219.jpg

220 0.7071067690849304 0.7071067690849304 0.0 -0.0 -0.11564697325229645 1.1082420314778574e-07 2.5353622436523438 1 frame_220.jpg

221 0.7071067690849304 0.7071067690849304 0.0 -0.0 -0.0878993347287178 1.085453078530918e-07 2.483227252960205 1 frame_221.jpg

222 0.7071067690849304 0.7071067690849304 0.0 -0.0 -0.060125719755887985 1.062642951410453e-07 2.4310436248779297 1 frame_222.jpg

223 0.7071067690849304 0.7071067690849304 0.0 -0.0 -0.0323261134326458 1.039811365899368e-07 2.3788111209869385 1 frame_223.jpg

224 0.7071067690849304 0.7071067690849304 0.0 -0.0 -0.0043678293004632 1.0169924280489795e-07 2.3266074657440186 1 frame_224.jpg

225 0.7071067690849304 0.7071067690849304 0.0 -0.0 0.023772329092025757 9.941895484644192e-08 2.2744405269622803 1 frame_225.jpg

226 0.7071067690849304 0.7071067690849304 0.0 -0.0 0.051934223622083664 9.71369047420012e-08 2.222233295440674 1 frame_226.jpg

227 0.7071067690849304 0.7071067690849304 0.0 -0.0 0.08011829853057861 9.485304985901166e-08 2.169984817504883 1 frame_227.jpg

228 0.7071067690849304 0.7071067690849304 0.0 -0.0 0.09887771308422089 9.240012843747536e-08 2.113868474960327 1 frame_228.jpg

229 0.7071067690849304 0.7071067690849304 0.0 -0.0 0.1150711178779602 8.989970012862614e-08 2.0566654205322266 1 frame_229.jpg

230 0.7071067690849304 0.7071067690849304 0.0 -0.0 0.13127543032169342 8.739759493892052e-08 1.999423861503601 1 frame_230.jpg

231 0.7071067690849304 0.7071067690849304 0.0 -0.0 0.13454563915729523 8.481019619921426e-08 1.9402310848236084 1 frame_231.jpg

232 0.7071067690849304 0.7071067690849304 0.0 -0.0 0.13561248779296875 8.220687419679962e-08 1.8806740045547485 1 frame_232.jpg

233 0.7071067690849304 0.7071067690849304 0.0 -0.0 0.1312071681022644 7.96275116954348e-08 1.8216650485992432 1 frame_233.jpg

234 0.7071067690849304 0.7071067690849304 0.0 -0.0 0.11762948334217072 7.708931804017993e-08 1.7635979652404785 1 frame_234.jpg

235 0.7071067690849304 0.7071067690849304 0.0 -0.0 0.10301568359136581 7.456478812173373e-08 1.705843448638916 1 frame_235.jpg

236 0.7071067690849304 0.7071067690849304 0.0 -0.0 0.07898946106433868 7.217619213406579e-08 1.6511987447738647 1 frame_236.jpg

237 0.7071067690849304 0.7071067690849304 0.0 -0.0 0.05495326966047287 6.978660138656778e-08 1.5965313911437988 1 frame_237.jpg

238 0.7071067690849304 0.7071067690849304 0.0 -0.0 0.026258155703544617 6.749741743306004e-08 1.5441608428955078 1 frame_238.jpg

239 0.7071067690849304 0.7071067690849304 0.0 -0.0 -0.0030405623838305473 6.522047613088944e-08 1.4920705556869507 1 frame_239.jpg

240 0.7071067690849304 0.7071067690849304 0.0 -0.0 -0.03262382000684738 6.29493897008615e-08 1.440114140510559 1 frame_240.jpg

241 0.7071067690849304 0.7071067690849304 0.0 -0.0 -0.06233496963977814 6.068051305874178e-08 1.3882083892822266 1 frame_241.jpg

242 0.7071067690849304 0.7071067690849304 0.0 -0.0 -0.08948835730552673 5.8353119669618536e-08 1.3349637985229492 1 frame_242.jpg

243 0.7071067690849304 0.7071067690849304 0.0 -0.0 -0.11453549563884735 5.5977618984570654e-08 1.280618667602539 1 frame_243.jpg

244 0.7071067690849304 0.7071067690849304 0.0 -0.0 -0.1346115618944168 5.352546850190265e-08 1.224519968032837 1 frame_244.jpg

245 0.7071067690849304 0.7071067690849304 0.0 -0.0 -0.14889994263648987 5.098431543615334e-08 1.1663851737976074 1 frame_245.jpg

246 0.7071067690849304 0.7071067690849304 0.0 -0.0 -0.15652266144752502 4.841288259171961e-08 1.1075576543807983 1 frame_246.jpg

247 0.7071067690849304 0.7071067690849304 0.0 -0.0 -0.15434172749519348 4.579704793172823e-08 1.047714352607727 1 frame_247.jpg

248 0.7071067690849304 0.7071067690849304 0.0 -0.0 -0.14817558228969574 4.3213571387923366e-08 0.9886112809181213 1 frame_248.jpg

249 0.7071067690849304 0.7071067690849304 0.0 -0.0 -0.12860995531082153 4.073924841918597e-08 0.9320054054260254 1 frame_249.jpg

250 0.7071067690849304 0.7071067690849304 0.0 -0.0 -0.10904338955879211 3.826481531632453e-08 0.8753969073295593 1 frame_250.jpg

251 0.7071067690849304 0.7071067690849304 0.0 -0.0 -0.08078242838382721 3.597613940087285e-08 0.8230381608009338 1 frame_251.jpg

252 0.7071067690849304 0.7071067690849304 0.0 -0.0 -0.04814819619059563 3.378106683271653e-08 0.7728207111358643 1 frame_252.jpg

253 0.7071067690849304 0.7071067690849304 0.0 -0.0 -0.015513963997364044 3.158599426456021e-08 0.7226033210754395 1 frame_253.jpg

254 0.7071067690849304 0.7071067690849304 0.0 -0.0 0.017613805830478668 2.9405789803149673e-08 0.672726035118103 1 frame_254.jpg

255 0.7071067690849304 0.7071067690849304 0.0 -0.0 0.05151575431227684 2.7248542977531542e-08 0.6233739852905273 1 frame_255.jpg

256 0.7071067690849304 0.7071067690849304 0.0 -0.0 0.08541283756494522 2.5091605238003467e-08 0.5740290284156799 1 frame_256.jpg

257 0.7071067690849304 0.7071067690849304 0.0 -0.0 0.1193029060959816 2.293511514039892e-08 0.5246942639350891 1 frame_257.jpg

258 0.7071067690849304 0.7071067690849304 0.0 -0.0 0.14518941938877106 2.058502346358182e-08 0.47093042731285095 1 frame_258.jpg

259 0.7071067690849304 0.7071067690849304 0.0 -0.0 0.16916434466838837 1.818908046402612e-08 0.41611766815185547 1 frame_259.jpg

260 0.7071067690849304 0.7071067690849304 0.0 -0.0 0.19122178852558136 1.5770160288752777e-08 0.3607792258262634 1 frame_260.jpg

261 0.7071067690849304 0.7071067690849304 0.0 -0.0 0.1997288465499878 1.3183351299517199e-08 0.30159991979599 1 frame_261.jpg

262 0.7071067690849304 0.7071067690849304 0.0 -0.0 0.20783647894859314 1.0597588584460027e-08 0.24244455993175507 1 frame_262.jpg

263 0.7071067690849304 0.7071067690849304 0.0 -0.0 0.19809624552726746 8.020998087943099e-09 0.1834990382194519 1 frame_263.jpg

264 0.7071067690849304 0.7071067690849304 0.0 -0.0 0.18585874140262604 5.4776121416466594e-09 0.1253131628036499 1 frame_264.jpg

265 0.7071067690849304 0.7071067690849304 0.0 -0.0 0.1621769368648529 3.0825035857162675e-09 0.07051946222782135 1 frame_265.jpg

266 0.7071067690849304 0.7071067690849304 0.0 -0.0 0.13614222407341003 7.411361524489735e-10 0.016955219209194183 1 frame_266.jpg

267 0.7071067690849304 0.7071067690849304 0.0 -0.0 0.10588322579860687 -1.505073732310791e-09 -0.034432072192430496 1 frame_267.jpg

268 0.7071067690849304 0.7071067690849304 0.0 -0.0 0.07549400627613068 -3.7461549418082996e-09 -0.08570203185081482 1 frame_268.jpg

269 0.7071067690849304 0.7071067690849304 0.0 -0.0 0.044943422079086304 -5.9813451969148446e-09 -0.13683722913265228 1 frame_269.jpg

270 0.7071067690849304 0.7071067690849304 0.0 -0.0 0.016576990485191345 -8.26570190071152e-09 -0.18909722566604614 1 frame_270.jpg

271 0.7071067690849304 0.7071067690849304 0.0 -0.0 -0.00899911392480135 -1.061369125920919e-08 -0.24281296133995056 1 frame_271.jpg

272 0.7071067690849304 0.7071067690849304 0.0 -0.0 -0.03172149136662483 -1.3006247634450574e-08 -0.2975482642650604 1 frame_272.jpg

273 0.7071067690849304 0.7071067690849304 0.0 -0.0 -0.04767943546175957 -1.5507714223872426e-08 -0.35477516055107117 1 frame_273.jpg

274 0.7071067690849304 0.7071067690849304 0.0 -0.0 -0.06362534314393997 -1.8007293434152416e-08 -0.41195887327194214 1 frame_274.jpg

275 0.7071067690849304 0.7071067690849304 0.0 -0.0 -0.06768498569726944 -2.059135972842796e-08 -0.4710754156112671 1 frame_275.jpg

276 0.7071067690849304 0.7071067690849304 0.0 -0.0 -0.07114109396934509 -2.317780456451146e-08 -0.530246376991272 1 frame_276.jpg

277 0.7071067690849304 0.7071067690849304 0.0 -0.0 -0.0715460255742073 -2.575587387809719e-08 -0.589225709438324 1 frame_277.jpg

278 0.7071067690849304 0.7071067690849304 0.0 -0.0 -0.06265445798635483 -2.8312895139492866e-08 -0.6477235555648804 1 frame_278.jpg

279 0.7071067690849304 0.7071067690849304 0.0 -0.0 -0.05377120524644852 -3.086752187186903e-08 -0.7061666250228882 1 frame_279.jpg

280 0.7071067690849304 0.7071067690849304 0.0 -0.0 -0.044896114617586136 -3.3419802036860347e-08 -0.7645559310913086 1 frame_280.jpg

281 0.7071067690849304 0.7071067690849304 0.0 -0.0 -0.026568828150629997 -3.586911745401267e-08 -0.8205897808074951 1 frame_281.jpg

282 0.7071067690849304 0.7071067690849304 0.0 -0.0 -0.007706703618168831 -3.831010886301556e-08 -0.8764331340789795 1 frame_282.jpg

283 0.7071067690849304 0.7071067690849304 0.0 -0.0 0.011135894805192947 -4.074856718716546e-08 -0.9322185516357422 1 frame_283.jpg

284 0.7071067690849304 0.7071067690849304 0.0 -0.0 0.02995835244655609 -4.318442137218881e-08 -0.9879444241523743 1 frame_284.jpg

285 0.7071067690849304 0.7071067690849304 0.0 -0.0 0.04687710478901863 -4.5643371748838035e-08 -1.0441986322402954 1 frame_285.jpg

286 0.7071067690849304 0.7071067690849304 0.0 -0.0 0.06321866065263748 -4.810718223779986e-08 -1.1005640029907227 1 frame_286.jpg

287 0.7071067690849304 0.7071067690849304 0.0 -0.0 0.07374977320432663 -5.06139095080016e-08 -1.1579113006591797 1 frame_287.jpg

288 0.7071067690849304 0.7071067690849304 0.0 -0.0 0.07818786799907684 -5.316566742408213e-08 -1.216288685798645 1 frame_288.jpg

289 0.7071067690849304 0.7071067690849304 0.0 -0.0 0.08066605776548386 -5.5714011182317336e-08 -1.2745879888534546 1 frame_289.jpg

290 0.7071067690849304 0.7071067690849304 0.0 -0.0 0.07588885724544525 -5.8258258661680884e-08 -1.3327935934066772 1 frame_290.jpg

291 0.7071067690849304 0.7071067690849304 0.0 -0.0 0.07111819833517075 -6.079901737621185e-08 -1.3909193277359009 1 frame_291.jpg

292 0.7071067690849304 0.7071067690849304 0.0 -0.0 0.0609302744269371 -6.330402868570673e-08 -1.4482272863388062 1 frame_292.jpg

293 0.7071067690849304 0.7071067690849304 0.0 -0.0 0.049988750368356705 -6.580100375686015e-08 -1.5053515434265137 1 frame_293.jpg

294 0.7071067690849304 0.7071067690849304 0.0 -0.0 0.03743748366832733 -6.82786023276094e-08 -1.5620323419570923 1 frame_294.jpg

295 0.7071067690849304 0.7071067690849304 0.0 -0.0 0.02300671488046646 -7.07339040673105e-08 -1.6182031631469727 1 frame_295.jpg

296 0.7071067690849304 0.7071067690849304 0.0 -0.0 0.00859682448208332 -7.31856530933328e-08 -1.6742925643920898 1 frame_296.jpg

297 0.7071067690849304 0.7071067690849304 0.0 -0.0 -0.007006002590060234 -7.561929749044793e-08 -1.7299678325653076 1 frame_297.jpg

298 0.7071067690849304 0.7071067690849304 0.0 -0.0 -0.022604957222938538 -7.80490481133711e-08 -1.7855541706085205 1 frame_298.jpg

299 0.7071067690849304 0.7071067690849304 0.0 -0.0 -0.03774634376168251 -8.047997823723563e-08 -1.8411672115325928 1 frame_299.jpg

300 0.7071067690849304 0.7071067690849304 0.0 -0.0 -0.05239804461598396 -8.291247866054618e-08 -1.8968164920806885 1 frame_300.jpg

301 0.7071067690849304 0.7071067690849304 0.0 -0.0 -0.06702570617198944 -8.534100004453649e-08 -1.9523745775222778 1 frame_301.jpg

302 0.7071067690849304 0.7071067690849304 0.0 -0.0 -0.078486368060112 -8.779731075492236e-08 -2.008568286895752 1 frame_302.jpg

303 0.7071067690849304 0.7071067690849304 0.0 -0.0 -0.08991389721632004 -9.024954295000498e-08 -2.064668893814087 1 frame_303.jpg

304 0.7071067690849304 0.7071067690849304 0.0 -0.0 -0.09804312884807587 -9.271901291185713e-08 -2.121163845062256 1 frame_304.jpg

305 0.7071067690849304 0.7071067690849304 0.0 -0.0 -0.10364745557308197 -9.520050525679835e-08 -2.177933692932129 1 frame_305.jpg

306 0.7071067690849304 0.7071067690849304 0.0 -0.0 -0.107346311211586 -9.767923359049746e-08 -2.23464035987854 1 frame_306.jpg

307 0.7071067690849304 0.7071067690849304 0.0 -0.0 -0.10410595685243607 -1.0015954643449732e-07 -2.2913832664489746 1 frame_307.jpg

308 0.7071067690849304 0.7071067690849304 0.0 -0.0 -0.10087185353040695 -1.0263506311503079e-07 -2.3480165004730225 1 frame_308.jpg

309 0.7071067690849304 0.7071067690849304 0.0 -0.0 -0.08682657778263092 -1.0502869685069527e-07 -2.4027764797210693 1 frame_309.jpg

310 0.7071067690849304 0.7071067690849304 0.0 -0.0 -0.07198277115821838 -1.0741172928874221e-07 -2.45729398727417 1 frame_310.jpg

311 0.7071067690849304 0.7071067690849304 0.0 -0.0 -0.04899408295750618 -1.0964381402800427e-07 -2.5083580017089844 1 frame_311.jpg

312 0.7071067690849304 0.7071067690849304 0.0 -0.0 -0.021518759429454803 -1.117902357350431e-07 -2.557462453842163 1 frame_312.jpg

313 0.7071067690849304 0.7071067690849304 0.0 -0.0 0.00555273424834013 0.00013756583211943507 -2.60664963722229 1 frame_313.jpg

314 0.7071067690849304 0.7071067690849304 0.0 -0.0 0.03136264160275459 0.0007539699436165392 -2.6563782691955566 1 frame_314.jpg

315 0.7071067690849304 0.7071067690849304 0.0 -0.0 0.05711499974131584 0.0013689995976164937 -2.70599627494812 1 frame_315.jpg

316 0.7071067690849304 0.7071067690849304 0.0 -0.0 0.0753437876701355 0.002401982434093952 -2.7581493854522705 1 frame_316.jpg

317 0.7071067690849304 0.7071067690849304 0.0 -0.0 0.08660776913166046 0.0038213985972106457 -2.812635660171509 1 frame_317.jpg

318 0.7071067690849304 0.7071067690849304 0.0 -0.0 0.09784570336341858 0.005237531382590532 -2.8669958114624023 1 frame_318.jpg

319 0.7071067690849304 0.7071067690849304 0.0 -0.0 0.10078226029872894 0.006756138987839222 -2.922081470489502 1 frame_319.jpg

320 0.7071067690849304 0.7071067690849304 0.0 -0.0 0.10092410445213318 0.008306792937219143 -2.9773240089416504 1 frame_320.jpg

321 0.7071067690849304 0.7071067690849304 0.0 -0.0 0.10106559097766876 0.009853728115558624 -3.0324339866638184 1 frame_321.jpg

322 0.7071067690849304 0.7071067690849304 0.0 -0.0 0.09554310142993927 0.011093937791883945 -3.0870535373687744 1 frame_322.jpg

323 0.7071067690849304 0.7071067690849304 0.0 -0.0 0.08844923973083496 0.012246283702552319 -3.1414380073547363 1 frame_323.jpg

324 0.7071067690849304 0.7071067690849304 0.0 -0.0 0.08137374371290207 0.013395643793046474 -3.195681571960449 1 frame_324.jpg

325 0.7071067690849304 0.7071067690849304 0.0 -0.0 0.07179970294237137 0.014063486829400063 -3.249366283416748 1 frame_325.jpg

326 0.7071067690849304 0.7071067690849304 0.0 -0.0 0.06053894758224487 0.014403758570551872 -3.3026175498962402 1 frame_326.jpg

327 0.7071067690849304 0.7071067690849304 0.0 -0.0 0.049308180809020996 0.014743122272193432 -3.355726718902588 1 frame_327.jpg

328 0.7071067690849304 0.7071067690849304 0.0 -0.0 0.03766178339719772 0.014805825427174568 -3.408590316772461 1 frame_328.jpg

329 0.7071067690849304 0.7071067690849304 0.0 -0.0 0.024555040523409843 0.013944361358880997 -3.4609556198120117 1 frame_329.jpg

330 0.7071067690849304 0.7071067690849304 0.0 -0.0 0.011484881862998009 0.013085302896797657 -3.513174533843994 1 frame_330.jpg

331 0.7071067690849304 0.7071067690849304 0.0 -0.0 -0.001548695843666792 0.012228647246956825 -3.565247058868408 1 frame_331.jpg

332 0.7071067690849304 0.7071067690849304 0.0 -0.0 -0.01455177552998066 0.010113443247973919 -3.617119789123535 1 frame_332.jpg

333 0.7071067690849304 0.7071067690849304 0.0 -0.0 -0.027521483600139618 0.007609827443957329 -3.668834686279297 1 frame_333.jpg

334 0.7071067690849304 0.7071067690849304 0.0 -0.0 -0.04045133292675018 0.0051139057613909245 -3.720390796661377 1 frame_334.jpg

335 0.7071067690849304 0.7071067690849304 0.0 -0.0 -0.05279865488409996 0.0019915499724447727 -3.7718729972839355 1 frame_335.jpg

336 0.7071067690849304 0.7071067690849304 0.0 -0.0 -0.06372608989477158 -0.002733160275965929 -3.823404550552368 1 frame_336.jpg

337 0.7071067690849304 0.7071067690849304 0.0 -0.0 -0.07461963593959808 -0.007443217094987631 -3.8747763633728027 1 frame_337.jpg

338 0.7071067690849304 0.7071067690849304 0.0 -0.0 -0.08547890186309814 -0.012138450518250465 -3.9259865283966064 1 frame_338.jpg

339 0.7071067690849304 0.7071067690849304 0.0 -0.0 -0.09255674481391907 -0.01949656940996647 -3.97733998298645 1 frame_339.jpg

340 0.7071067690849304 0.7071067690849304 0.0 -0.0 -0.09911499917507172 -0.0271864403039217 -4.028570175170898 1 frame_340.jpg

341 0.7071067690849304 0.7071067690849304 0.0 -0.0 -0.10565145313739777 -0.034850750118494034 -4.079630374908447 1 frame_341.jpg

342 0.7071067690849304 0.7071067690849304 0.0 -0.0 -0.10753200948238373 -0.045043136924505234 -4.1303019523620605 1 frame_342.jpg

343 0.7071067690849304 0.7071067690849304 0.0 -0.0 -0.10678645968437195 -0.056643370538949966 -4.180673122406006 1 frame_343.jpg

344 0.7071067690849304 0.7071067690849304 0.0 -0.0 -0.10604351758956909 -0.06820295006036758 -4.230867862701416 1 frame_344.jpg

345 0.7071067690849304 0.7071067690849304 0.0 -0.0 -0.09907301515340805 -0.08248286694288254 -4.2793169021606445 1 frame_345.jpg

346 0.7071067690849304 0.7071067690849304 0.0 -0.0 -0.08761362731456757 -0.09871158748865128 -4.326454162597656 1 frame_346.jpg

347 0.7071067690849304 0.7071067690849304 0.0 -0.0 -0.07619483768939972 -0.11488283425569534 -4.373425006866455 1 frame_347.jpg

348 0.7071067690849304 0.7071067690849304 0.0 -0.0 -0.05650798976421356 -0.13379709422588348 -4.4156084060668945 1 frame_348.jpg

349 0.7071067690849304 0.7071067690849304 0.0 -0.0 -0.03234067186713219 -0.15417897701263428 -4.455116271972656 1 frame_349.jpg

350 0.7071067690849304 0.7071067690849304 0.0 -0.0 -0.008267184719443321 -0.17448173463344574 -4.494471073150635 1 frame_350.jpg

351 0.7071067690849304 0.7071067690849304 0.0 -0.0 0.015955278649926186 -0.19510795176029205 -4.533321380615234 1 frame_351.jpg

352 0.7071067690849304 0.7071067690849304 0.0 -0.0 0.0402187742292881 -0.21588073670864105 -4.571815490722656 1 frame_352.jpg

353 0.7071067690849304 0.7071067690849304 0.0 -0.0 0.06438697129487991 -0.23657192289829254 -4.610158443450928 1 frame_353.jpg

354 0.7071067690849304 0.7071067690849304 0.0 -0.0 0.07970334589481354 -0.25532442331314087 -4.653033256530762 1 frame_354.jpg

355 0.7071067690849304 0.7071067690849304 0.0 -0.0 0.09162574261426926 -0.27329209446907043 -4.697508811950684 1 frame_355.jpg

356 0.7071067690849304 0.7071067690849304 0.0 -0.0 0.10350029170513153 -0.29118767380714417 -4.741805553436279 1 frame_356.jpg

357 0.7071067690849304 0.7071067690849304 0.0 -0.0 0.10622292011976242 -0.30662667751312256 -4.788117408752441 1 frame_357.jpg

358 0.7071067690849304 0.7071067690849304 0.0 -0.0 0.10770612955093384 -0.3216812312602997 -4.834537506103516 1 frame_358.jpg

359 0.7071067690849304 0.7071067690849304 0.0 -0.0 0.10918290913105011 -0.33667048811912537 -4.88075590133667 1 frame_359.jpg

360 0.7071067690849304 0.7071067690849304 0.0 -0.0 0.10433695465326309 -0.3499545156955719 -4.926995277404785 1 frame_360.jpg

361 0.7071067690849304 0.7071067690849304 0.0 -0.0 0.09880219399929047 -0.36299702525138855 -4.973060607910156 1 frame_361.jpg

362 0.7071067690849304 0.7071067690849304 0.0 -0.0 0.09329240024089813 -0.37598076462745667 -5.018918037414551 1 frame_362.jpg

363 0.7071067690849304 0.7071067690849304 0.0 -0.0 0.08504575490951538 -0.38845235109329224 -5.064246654510498 1 frame_363.jpg

364 0.7071067690849304 0.7071067690849304 0.0 -0.0 0.07556438446044922 -0.4006548821926117 -5.109210014343262 1 frame_364.jpg

365 0.7071067690849304 0.7071067690849304 0.0 -0.0 0.06612560898065567 -0.41280263662338257 -5.153970718383789 1 frame_365.jpg

366 0.7071067690849304 0.7071067690849304 0.0 -0.0 0.05634450167417526 -0.4249919056892395 -5.1984052658081055 1 frame_366.jpg

367 0.7071067690849304 0.7071067690849304 0.0 -0.0 0.04527658969163895 -0.4374622106552124 -5.24222469329834 1 frame_367.jpg

368 0.7071067690849304 0.7071067690849304 0.0 -0.0 0.03426046296954155 -0.44987425208091736 -5.285840034484863 1 frame_368.jpg

369 0.7071067690849304 0.7071067690849304 0.0 -0.0 0.02329791523516178 -0.46222588419914246 -5.32924222946167 1 frame_369.jpg

370 0.7071067690849304 0.7071067690849304 0.0 -0.0 0.012471335008740425 -0.4753170907497406 -5.372209548950195 1 frame_370.jpg

371 0.7071067690849304 0.7071067690849304 0.0 -0.0 0.0017646970227360725 -0.48898643255233765 -5.414783477783203 1 frame_371.jpg

372 0.7071067690849304 0.7071067690849304 0.0 -0.0 -0.00888864230364561 -0.5025876760482788 -5.4571452140808105 1 frame_372.jpg

373 0.7071067690849304 0.7071067690849304 0.0 -0.0 -0.01948646456003189 -0.5161181092262268 -5.499286651611328 1 frame_373.jpg

374 0.7071067690849304 0.7071067690849304 0.0 -0.0 -0.02869749441742897 -0.5312922596931458 -5.540918827056885 1 frame_374.jpg

375 0.7071067690849304 0.7071067690849304 0.0 -0.0 -0.0373479500412941 -0.5470446348190308 -5.582218170166016 1 frame_375.jpg

376 0.7071067690849304 0.7071067690849304 0.0 -0.0 -0.045951880514621735 -0.5627124309539795 -5.623295783996582 1 frame_376.jpg

377 0.7071067690849304 0.7071067690849304 0.0 -0.0 -0.054510388523340225 -0.5782974362373352 -5.664156436920166 1 frame_377.jpg

378 0.7071067690849304 0.7071067690849304 0.0 -0.0 -0.06028997153043747 -0.5962476134300232 -5.7042083740234375 1 frame_378.jpg

379 0.7071067690849304 0.7071067690849304 0.0 -0.0 -0.06523329019546509 -0.6148197650909424 -5.743866443634033 1 frame_379.jpg

380 0.7071067690849304 0.7071067690849304 0.0 -0.0 -0.07014921307563782 -0.6332889795303345 -5.783304691314697 1 frame_380.jpg

381 0.7071067690849304 0.7071067690849304 0.0 -0.0 -0.07503668963909149 -0.6516513824462891 -5.822514533996582 1 frame_381.jpg

382 0.7071067690849304 0.7071067690849304 0.0 -0.0 -0.07617779076099396 -0.6725400686264038 -5.860334873199463 1 frame_382.jpg

383 0.7071067690849304 0.7071067690849304 0.0 -0.0 -0.0758511871099472 -0.6943423748016357 -5.897480010986328 1 frame_383.jpg

384 0.7071067690849304 0.7071067690849304 0.0 -0.0 -0.07552652060985565 -0.7160143852233887 -5.934402942657471 1 frame_384.jpg

385 0.7071067690849304 0.7071067690849304 0.0 -0.0 -0.0752037987112999 -0.737557053565979 -5.971105575561523 1 frame_385.jpg

386 0.7071067690849304 0.7071067690849304 0.0 -0.0 -0.07159163802862167 -0.7607887387275696 -6.006045818328857 1 frame_386.jpg

387 0.7071067690849304 0.7071067690849304 0.0 -0.0 -0.06487388908863068 -0.7856041193008423 -6.039304256439209 1 frame_387.jpg

388 0.7071067690849304 0.7071067690849304 0.0 -0.0 -0.05819758027791977 -0.8102662563323975 -6.072357177734375 1 frame_388.jpg

389 0.7071067690849304 0.7071067690849304 0.0 -0.0 -0.051563650369644165 -0.834771990776062 -6.105199813842773 1 frame_389.jpg

390 0.7071067690849304 0.7071067690849304 0.0 -0.0 -0.044839635491371155 -0.8591728806495667 -6.1377434730529785 1 frame_390.jpg

391 0.7071067690849304 0.7071067690849304 0.0 -0.0 -0.03157956898212433 -0.8860308527946472 -6.16571044921875 1 frame_391.jpg

392 0.7071067690849304 0.7071067690849304 0.0 -0.0 -0.018407754600048065 -0.9127100706100464 -6.193490982055664 1 frame_392.jpg

393 0.7071067690849304 0.7071067690849304 0.0 -0.0 -0.005324198864400387 -0.9392105340957642 -6.221085548400879 1 frame_393.jpg

394 0.7071067690849304 0.7071067690849304 0.0 -0.0 0.00767110101878643 -0.9655322432518005 -6.248493671417236 1 frame_394.jpg

395 0.7071067690849304 0.7071067690849304 0.0 -0.0 0.02057691104710102 -0.991672694683075 -6.275712966918945 1 frame_395.jpg

396 0.7071067690849304 0.7071067690849304 0.0 -0.0 0.03246687352657318 -1.018975019454956 -6.301825523376465 1 frame_396.jpg

397 0.7071067690849304 0.7071067690849304 0.0 -0.0 0.04426494985818863 -1.046093225479126 -6.3277435302734375 1 frame_397.jpg

398 0.7071067690849304 0.7071067690849304 0.0 -0.0 0.05597890913486481 -1.073017954826355 -6.353477954864502 1 frame_398.jpg

399 0.7071067690849304 0.7071067690849304 0.0 -0.0 0.06760817021131516 -1.099748134613037 -6.379025936126709 1 frame_399.jpg

400 0.7071067690849304 0.7071067690849304 0.0 -0.0 0.07278718799352646 -1.1262614727020264 -6.40629768371582 1 frame_400.jpg

401 0.7071067690849304 0.7071067690849304 0.0 -0.0 0.07691368460655212 -1.1525688171386719 -6.4336652755737305 1 frame_401.jpg

402 0.7071067690849304 0.7071067690849304 0.0 -0.0 0.08100926131010056 -1.1786789894104004 -6.460827827453613 1 frame_402.jpg

403 0.7071067690849304 0.7071067690849304 0.0 -0.0 0.08507370948791504 -1.204590916633606 -6.487784385681152 1 frame_403.jpg

404 0.7071067690849304 0.7071067690849304 0.0 -0.0 0.08502116054296494 -1.2295846939086914 -6.515346050262451 1 frame_404.jpg

405 0.7071067690849304 0.7071067690849304 0.0 -0.0 0.08323175460100174 -1.2540833950042725 -6.5430450439453125 1 frame_405.jpg

406 0.7071067690849304 0.7071067690849304 0.0 -0.0 0.08145692199468613 -1.278382658958435 -6.570518493652344 1 frame_406.jpg

407 0.7071067690849304 0.7071067690849304 0.0 -0.0 0.07969637215137482 -1.3024864196777344 -6.5977702140808105 1 frame_407.jpg

408 0.7071067690849304 0.7071067690849304 0.0 -0.0 0.07638993859291077 -1.3258414268493652 -6.625044822692871 1 frame_408.jpg

409 0.7071067690849304 0.7071067690849304 0.0 -0.0 0.07063625007867813 -1.348132610321045 -6.652486324310303 1 frame_409.jpg

410 0.7071067690849304 0.7071067690849304 0.0 -0.0 0.06493188440799713 -1.3702328205108643 -6.679693698883057 1 frame_410.jpg

411 0.7071067690849304 0.7071067690849304 0.0 -0.0 0.05927653610706329 -1.3921430110931396 -6.706666946411133 1 frame_411.jpg

412 0.7071067690849304 0.7071067690849304 0.0 -0.0 0.05367051810026169 -1.4138621091842651 -6.733404159545898 1 frame_412.jpg

413 0.7071067690849304 0.7071067690849304 0.0 -0.0 0.04600301384925842 -1.4341108798980713 -6.760358810424805 1 frame_413.jpg

414 0.7071067690849304 0.7071067690849304 0.0 -0.0 0.03808106854557991 -1.4539824724197388 -6.7871413230896 1 frame_414.jpg

415 0.7071067690849304 0.7071067690849304 0.0 -0.0 0.03023185208439827 -1.4736714363098145 -6.813676834106445 1 frame_415.jpg

416 0.7071067690849304 0.7071067690849304 0.0 -0.0 0.022455813363194466 -1.493177056312561 -6.8399658203125 1 frame_416.jpg

417 0.7071067690849304 0.7071067690849304 0.0 -0.0 0.014590446837246418 -1.5122876167297363 -6.866103172302246 1 frame_417.jpg

418 0.7071067690849304 0.7071067690849304 0.0 -0.0 0.0058825365267694 -1.530029058456421 -6.892539024353027 1 frame_418.jpg

419 0.7071067690849304 0.7071067690849304 0.0 -0.0 -0.00274033285677433 -1.547597050666809 -6.9187164306640625 1 frame_419.jpg

420 0.7071067690849304 0.7071067690849304 0.0 -0.0 -0.01127815991640091 -1.5649919509887695 -6.944636344909668 1 frame_420.jpg

421 0.7071067690849304 0.7071067690849304 0.0 -0.0 -0.019729940220713615 -1.5822116136550903 -6.97029447555542 1 frame_421.jpg

422 0.7071067690849304 0.7071067690849304 0.0 -0.0 -0.028057333081960678 -1.5988775491714478 -6.995941638946533 1 frame_422.jpg

423 0.7071067690849304 0.7071067690849304 0.0 -0.0 -0.036203667521476746 -1.6144212484359741 -7.0219573974609375 1 frame_423.jpg

424 0.7071067690849304 0.7071067690849304 0.0 -0.0 -0.044262856245040894 -1.6297985315322876 -7.047696113586426 1 frame_424.jpg

425 0.7071067690849304 0.7071067690849304 0.0 -0.0 -0.05223589017987251 -1.6450114250183105 -7.0731587409973145 1 frame_425.jpg

426 0.7071067690849304 0.7071067690849304 0.0 -0.0 -0.060121290385723114 -1.6600571870803833 -7.09834098815918 1 frame_426.jpg

427 0.7071067690849304 0.7071067690849304 0.0 -0.0 -0.06745348125696182 -1.674473762512207 -7.123629570007324 1 frame_427.jpg

428 0.7071067690849304 0.7071067690849304 0.0 -0.0 -0.07379887253046036 -1.6878330707550049 -7.149389266967773 1 frame_428.jpg

429 0.7071067690849304 0.7071067690849304 0.0 -0.0 -0.08007172495126724 -1.701039433479309 -7.174854278564453 1 frame_429.jpg

430 0.7071067690849304 0.7071067690849304 0.0 -0.0 -0.08627042174339294 -1.7140897512435913 -7.200018405914307 1 frame_430.jpg

431 0.7071067690849304 0.7071067690849304 0.0 -0.0 -0.09239538013935089 -1.7269848585128784 -7.22488260269165 1 frame_431.jpg

432 0.7071067690849304 0.7071067690849304 0.0 -0.0 -0.09732990711927414 -1.739096999168396 -7.2499494552612305 1 frame_432.jpg

433 0.7071067690849304 0.7071067690849304 0.0 -0.0 -0.10051979869604111 -1.7501152753829956 -7.275467872619629 1 frame_433.jpg

434 0.7071067690849304 0.7071067690849304 0.0 -0.0 -0.10366924107074738 -1.7609940767288208 -7.30066442489624 1 frame_434.jpg

435 0.7071067690849304 0.7071067690849304 0.0 -0.0 -0.10677868127822876 -1.771734356880188 -7.325539588928223 1 frame_435.jpg

436 0.7071067690849304 0.7071067690849304 0.0 -0.0 -0.10984788089990616 -1.782335877418518 -7.350093841552734 1 frame_436.jpg

437 0.7071067690849304 0.7071067690849304 0.0 -0.0 -0.110545314848423 -1.7917245626449585 -7.374800682067871 1 frame_437.jpg

438 0.7071067690849304 0.7071067690849304 0.0 -0.0 -0.10908270627260208 -1.7999979257583618 -7.399618148803711 1 frame_438.jpg

439 0.7071067690849304 0.7071067690849304 0.0 -0.0 -0.10764001309871674 -1.8081586360931396 -7.424098014831543 1 frame_439.jpg

440 0.7071067690849304 0.7071067690849304 0.0 -0.0 -0.10621754825115204 -1.8162050247192383 -7.448234558105469 1 frame_440.jpg

441 0.7071067690849304 0.7071067690849304 0.0 -0.0 -0.1048155277967453 -1.8241357803344727 -7.472024440765381 1 frame_441.jpg

442 0.7071067690849304 0.7071067690849304 0.0 -0.0 -0.0994139313697815 -1.830091118812561 -7.495229244232178 1 frame_442.jpg

443 0.7071067690849304 0.7071067690849304 0.0 -0.0 -0.09215932339429855 -1.8350613117218018 -7.51796817779541 1 frame_443.jpg

444 0.7071067690849304 0.7071067690849304 0.0 -0.0 -0.08501426130533218 -1.8399564027786255 -7.54036283493042 1 frame_444.jpg

445 0.7071067690849304 0.7071067690849304 0.0 -0.0 -0.07797929644584656 -1.844775915145874 -7.562412738800049 1 frame_445.jpg

446 0.7071067690849304 0.7071067690849304 0.0 -0.0 -0.0710555836558342 -1.8495193719863892 -7.584114074707031 1 frame_446.jpg

447 0.7071067690849304 0.7071067690849304 0.0 -0.0 -0.06049828231334686 -1.852221965789795 -7.603943347930908 1 frame_447.jpg

448 0.7071067690849304 0.7071067690849304 0.0 -0.0 -0.047902029007673264 -1.8537176847457886 -7.622542381286621 1 frame_448.jpg

449 0.7071067690849304 0.7071067690849304 0.0 -0.0 -0.03551708906888962 -1.8551884889602661 -7.640829086303711 1 frame_449.jpg

450 0.7071067690849304 0.7071067690849304 0.0 -0.0 -0.0233455877751112 -1.8566337823867798 -7.65880012512207 1 frame_450.jpg

451 0.7071067690849304 0.7071067690849304 0.0 -0.0 -0.01138859149068594 -1.8580535650253296 -7.676454544067383 1 frame_451.jpg

452 0.7071067690849304 0.7071067690849304 0.0 -0.0 0.0003517568111419678 -1.859447717666626 -7.693789482116699 1 frame_452.jpg

453 0.7071067690849304 0.7071067690849304 0.0 -0.0 0.01187653187662363 -1.860816240310669 -7.710805892944336 1 frame_453.jpg

454 0.7071067690849304 0.7071067690849304 0.0 -0.0 0.023184658959507942 -1.8621588945388794 -7.727502346038818 1 frame_454.jpg

455 0.7071067690849304 0.7071067690849304 0.0 -0.0 0.03427401930093765 -1.8634759187698364 -7.7438764572143555 1 frame_455.jpg

456 0.7071067690849304 0.7071067690849304 0.0 -0.0 0.045142460614442825 -1.8647664785385132 -7.759923458099365 1 frame_456.jpg

457 0.7071067690849304 0.7071067690849304 0.0 -0.0 0.05578892305493355 -1.8660305738449097 -7.7756428718566895 1 frame_457.jpg

458 0.7071067690849304 0.7071067690849304 0.0 -0.0 0.06621447205543518 -1.8672685623168945 -7.791036128997803 1 frame_458.jpg

459 0.7071067690849304 0.7071067690849304 0.0 -0.0 0.07641804218292236 -1.8684803247451782 -7.8061017990112305 1 frame_459.jpg

460 0.7071067690849304 0.7071067690849304 0.0 -0.0 0.08639536798000336 -1.869665265083313 -7.820832252502441 1 frame_460.jpg

461 0.7071067690849304 0.7071067690849304 0.0 -0.0 0.09614751487970352 -1.8708230257034302 -7.835231781005859 1 frame_461.jpg

462 0.7071067690849304 0.7071067690849304 0.0 -0.0 0.10567553341388702 -1.871954321861267 -7.849300384521484 1 frame_462.jpg

463 0.7071067690849304 0.7071067690849304 0.0 -0.0 0.11497517675161362 -1.8730589151382446 -7.863032341003418 1 frame_463.jpg

464 0.7071067690849304 0.7071067690849304 0.0 -0.0 0.12404751032590866 -1.8741360902786255 -7.87642765045166 1 frame_464.jpg

465 0.7071067690849304 0.7071067690849304 0.0 -0.0 0.13288827240467072 -1.8751860857009888 -7.889481544494629 1 frame_465.jpg

466 0.7071067690849304 0.7071067690849304 0.0 -0.0 0.14149850606918335 -1.8762081861495972 -7.902194976806641 1 frame_466.jpg

467 0.7071067690849304 0.7071067690849304 0.0 -0.0 0.14987926185131073 -1.877203345298767 -7.914567947387695 1 frame_467.jpg

468 0.7071067690849304 0.7071067690849304 0.0 -0.0 0.15802419185638428 -1.8781708478927612 -7.926595687866211 1 frame_468.jpg

469 0.7071067690849304 0.7071067690849304 0.0 -0.0 0.1659386157989502 -1.8791106939315796 -7.93828010559082 1 frame_469.jpg

470 0.7071067690849304 0.7071067690849304 0.0 -0.0 0.17361609637737274 -1.880022406578064 -7.949615478515625 1 frame_470.jpg

471 0.7071067690849304 0.7071067690849304 0.0 -0.0 0.18105773627758026 -1.8809055089950562 -7.960603713989258 1 frame_471.jpg

472 0.7071067690849304 0.7071067690849304 0.0 -0.0 0.18826457858085632 -1.8817614316940308 -7.971244812011719 1 frame_472.jpg

473 0.7071067690849304 0.7071067690849304 0.0 -0.0 0.19523131847381592 -1.8825887441635132 -7.981531143188477 1 frame_473.jpg

474 0.7071067690849304 0.7071067690849304 0.0 -0.0 0.2019568681716919 -1.8833874464035034 -7.991460800170898 1 frame_474.jpg

475 0.7071067690849304 0.7071067690849304 0.0 -0.0 0.20844760537147522 -1.8841580152511597 -8.001043319702148 1 frame_475.jpg

476 0.7071067690849304 0.7071067690849304 0.0 -0.0 0.21469184756278992 -1.8848994970321655 -8.010265350341797 1 frame_476.jpg

477 0.7071067690849304 0.7071067690849304 0.0 -0.0 0.22069703042507172 -1.8856128454208374 -8.019132614135742 1 frame_477.jpg

478 0.7071067690849304 0.7071067690849304 0.0 -0.0 0.22645993530750275 -1.8862971067428589 -8.027639389038086 1 frame_478.jpg

479 0.7071067690849304 0.7071067690849304 0.0 -0.0 0.23197636008262634 -1.88695228099823 -8.035785675048828 1 frame_479.jpg

480 0.7071067690849304 0.7071067690849304 0.0 -0.0 0.23724408447742462 -1.8875778913497925 -8.043561935424805 1 frame_480.jpg

481 0.7071067690849304 0.7071067690849304 0.0 -0.0 0.24227061867713928 -1.8881748914718628 -8.050985336303711 1 frame_481.jpg

482 0.7071067690849304 0.7071067690849304 0.0 -0.0 0.24704530835151672 -1.888741374015808 -8.058034896850586 1 frame_482.jpg

483 0.7071067690849304 0.7071067690849304 0.0 -0.0 0.2515724301338196 -1.8892792463302612 -8.064718246459961 1 frame_483.jpg

484 0.7071067690849304 0.7071067690849304 0.0 -0.0 0.2558508515357971 -1.8897870779037476 -8.071035385131836 1 frame_484.jpg

485 0.7071067690849304 0.7071067690849304 0.0 -0.0 0.2598763406276703 -1.8902658224105835 -8.076980590820312 1 frame_485.jpg

486 0.7071067690849304 0.7071067690849304 0.0 -0.0 0.2636510729789734 -1.8907135725021362 -8.08255386352539 1 frame_486.jpg

487 0.7071067690849304 0.7071067690849304 0.0 -0.0 0.2671717703342438 -1.8911317586898804 -8.087751388549805 1 frame_487.jpg

488 0.7071067690849304 0.7071067690849304 0.0 -0.0 0.2704417109489441 -1.891520380973816 -8.092578887939453 1 frame_488.jpg

489 0.7071067690849304 0.7071067690849304 0.0 -0.0 0.2734522819519043 -1.89187753200531 -8.097026824951172 1 frame_489.jpg

490 0.7071067690849304 0.7071067690849304 0.0 -0.0 0.27620673179626465 -1.8922046422958374 -8.101091384887695 1 frame_490.jpg

491 0.7071067690849304 0.7071067690849304 0.0 -0.0 0.2787061631679535 -1.8925007581710815 -8.104780197143555 1 frame_491.jpg

492 0.7071067690849304 0.7071067690849304 0.0 -0.0 0.2809462249279022 -1.892767310142517 -8.108089447021484 1 frame_492.jpg

493 0.7071067690849304 0.7071067690849304 0.0 -0.0 0.2829269766807556 -1.8930023908615112 -8.111013412475586 1 frame_493.jpg

494 0.7071067690849304 0.7071067690849304 0.0 -0.0 0.2846473157405853 -1.893206000328064 -8.113554000854492 1 frame_494.jpg

495 0.7071067690849304 0.7071067690849304 0.0 -0.0 0.2861040532588959 -1.89337956905365 -8.115705490112305 1 frame_495.jpg

496 0.7071067690849304 0.7071067690849304 0.0 -0.0 0.28729933500289917 -1.8935211896896362 -8.117469787597656 1 frame_496.jpg

497 0.7071067690849304 0.7071067690849304 0.0 -0.0 0.2882341742515564 -1.8936322927474976 -8.118850708007812 1 frame_497.jpg

498 0.7071067690849304 0.7071067690849304 0.0 -0.0 0.28890013694763184 -1.8937114477157593 -8.119834899902344 1 frame_498.jpg

499 0.7071067690849304 0.7071067690849304 0.0 -0.0 0.2893003225326538 -1.8937591314315796 -8.120424270629883 1 frame_499.jpg

500 0.7071067690849304 0.7071067690849304 0.0 -0.0 0.28943371772766113 -1.8937753438949585 -8.120620727539062 1 frame_500.jpg

