# Image list generated by blender-exporter-colmap
1 0.6317100524902344 0.6317100524902344 -0.3177143633365631 -0.3177143931388855 0.0007726831827312708 -0.0010404165368527174 9.130520820617676 1 frame_1.jpg

2 0.6317100524902344 0.6317100524902344 -0.3177143633365631 -0.3177143931388855 0.000672141439281404 -0.0009050388471223414 9.130345344543457 1 frame_2.jpg

3 0.6317100524902344 0.6317100524902344 -0.3177143633365631 -0.3177143931388855 0.0003710504970513284 -0.0004996252246201038 9.129822731018066 1 frame_3.jpg

4 0.6317100524902344 0.6317100524902344 -0.3177143633365631 -0.3177143931388855 -0.0001297806593356654 0.00017473501793574542 9.128955841064453 1 frame_4.jpg

5 0.6317100524902344 0.6317100524902344 -0.3177143633365631 -0.3177143931388855 -0.0008295457810163498 0.0011169563513249159 9.127742767333984 1 frame_5.jpg

6 0.6317100524902344 0.6317100524902344 -0.3177143633365631 -0.3177143931388855 -0.0017274385318160057 0.002325952984392643 9.12618637084961 1 frame_6.jpg

7 0.6317100524902344 0.6317100524902344 -0.3177143633365631 -0.3177143931388855 -0.0028226496651768684 0.0038006354589015245 9.124287605285645 1 frame_7.jpg

8 0.6317100524902344 0.6317100524902344 -0.3177143633365631 -0.3177143931388855 -0.00411437451839447 0.0055399201810359955 9.122049331665039 1 frame_8.jpg

9 0.6317100524902344 0.6317100524902344 -0.3177143633365631 -0.3177143931388855 -0.005601804703474045 0.007542718201875687 9.119470596313477 1 frame_9.jpg

10 0.6317100524902344 0.6317100524902344 -0.3177143633365631 -0.3177143931388855 -0.007284131366759539 0.009807940572500229 9.11655330657959 1 frame_10.jpg

11 0.6343657374382019 0.6343656778335571 -0.31237825751304626 -0.31237825751304626 -0.009367195889353752 0.0121789975091815 9.113301277160645 1 frame_11.jpg

12 0.6378737688064575 0.637873649597168 -0.30515098571777344 -0.3051510155200958 -0.01181918103247881 0.01466673519462347 9.109712600708008 1 frame_12.jpg

13 0.6416137218475342 0.6416136622428894 -0.2972067892551422 -0.2972067892551422 -0.014633974991738796 0.01726214960217476 9.105792045593262 1 frame_13.jpg

14 0.6455587148666382 0.6455587148666382 -0.2885376513004303 -0.2885376513004303 -0.01783899962902069 0.01992696523666382 9.101539611816406 1 frame_14.jpg

15 0.64967942237854 0.6496793627738953 -0.2791356146335602 -0.27913564443588257 -0.02146260067820549 0.022619208320975304 9.096954345703125 1 frame_15.jpg

16 0.653944194316864 0.6539440751075745 -0.2689926326274872 -0.2689926326274872 -0.02553451433777809 0.0252874456346035 9.092039108276367 1 frame_16.jpg

17 0.6583190560340881 0.6583190560340881 -0.25810083746910095 -0.25810086727142334 -0.03008039854466915 0.02787037007510662 9.086797714233398 1 frame_17.jpg

18 0.6627678871154785 0.6627678871154785 -0.24645237624645233 -0.24645239114761353 -0.035123560577631 0.03031235747039318 9.081230163574219 1 frame_18.jpg

19 0.6672520041465759 0.6672519445419312 -0.23404023051261902 -0.2340402603149414 -0.040683139115571976 0.03254358470439911 9.075336456298828 1 frame_19.jpg

20 0.6717305183410645 0.6717304587364197 -0.22085785865783691 -0.2208578884601593 -0.046775028109550476 0.03448648378252983 9.06911849975586 1 frame_20.jpg

21 0.6761602759361267 0.6761602163314819 -0.20689937472343445 -0.20689938962459564 -0.05340765416622162 0.036061376333236694 9.062579154968262 1 frame_21.jpg

22 0.6804957389831543 0.6804956197738647 -0.1921604424715042 -0.1921604573726654 -0.06058169901371002 0.03718079999089241 9.055716514587402 1 frame_22.jpg

23 0.6859776377677917 0.6859775185585022 -0.17156556248664856 -0.17156556248664856 -0.06697878241539001 0.03574085608124733 9.047303199768066 1 frame_23.jpg

24 0.6921167373657227 0.6921166777610779 -0.14482566714286804 -0.14482566714286804 -0.0722605288028717 0.03162646293640137 9.037297248840332 1 frame_24.jpg

25 0.6974062919616699 0.6974061727523804 -0.11672429740428925 -0.11672431230545044 -0.07749699056148529 0.02669016271829605 9.02686882019043 1 frame_25.jpg

26 0.7016986608505249 0.7016986012458801 -0.08728712052106857 -0.08728712052106857 -0.08257891237735748 0.020868143066763878 9.016018867492676 1 frame_26.jpg

27 0.7048419713973999 0.7048418521881104 -0.05654987320303917 -0.05654987692832947 -0.08737692981958389 0.014112814329564571 9.00475025177002 1 frame_27.jpg

28 0.7066801190376282 0.7066800594329834 -0.024561414495110512 -0.02456141635775566 -0.09174520522356033 0.0063856677152216434 8.993064880371094 1 frame_28.jpg

29 0.7070891857147217 0.7070890069007874 0.004996275994926691 0.004996275994926691 -0.09163278341293335 -0.001291897613555193 8.98083209991455 1 frame_29.jpg

30 0.7063261270523071 0.7063260674476624 0.03321842849254608 0.03321843221783638 -0.08839059621095657 -0.008332021534442902 8.968098640441895 1 frame_30.jpg

31 0.7043558359146118 0.7043558359146118 0.062312737107276917 0.062312740832567215 -0.08449579030275345 -0.015068601816892624 8.954946517944336 1 frame_31.jpg

32 0.7010677456855774 0.7010676264762878 0.09221766889095306 0.09221767634153366 -0.07996594905853271 -0.021406104788184166 8.941376686096191 1 frame_32.jpg

33 0.6963512301445007 0.6963512301445007 0.12286180257797241 0.1228618174791336 -0.07483264058828354 -0.027255909517407417 8.927392959594727 1 frame_33.jpg

34 0.692759096622467 0.692759096622467 0.14172109961509705 0.14172111451625824 -0.06744448840618134 -0.028800850734114647 8.914196968078613 1 frame_34.jpg

35 0.6895745992660522 0.6895745396614075 0.15648293495178223 0.15648294985294342 -0.059291549026966095 -0.028369758278131485 8.90106201171875 1 frame_35.jpg

36 0.6859745383262634 0.6859743595123291 0.17157813906669617 0.17157815396785736 -0.05109335854649544 -0.027262581512331963 8.887565612792969 1 frame_36.jpg

37 0.6819341778755188 0.681934118270874 0.18699152767658234 0.18699154257774353 -0.042909007519483566 -0.02544456720352173 8.87370777130127 1 frame_37.jpg

38 0.67742919921875 0.6774291396141052 0.202705979347229 0.2027060091495514 -0.03480599448084831 -0.02287735976278782 8.859489440917969 1 frame_38.jpg

39 0.6753406524658203 0.6753405332565308 0.20955927670001984 0.20955930650234222 -0.026143228635191917 -0.017951609566807747 8.845915794372559 1 frame_39.jpg

40 0.6737655401229858 0.6737654805183411 0.21456944942474365 0.21456947922706604 -0.017301902174949646 -0.012263123877346516 8.832226753234863 1 frame_40.jpg

41 0.6721145510673523 0.6721144914627075 0.21968631446361542 0.2196863293647766 -0.008433761075139046 -0.00617199344560504 8.81821346282959 1 frame_41.jpg

42 0.6703852415084839 0.6703852415084839 0.22490814328193665 0.22490815818309784 0.00044118319055996835 0.0003327942395117134 8.803877830505371 1 frame_42.jpg

43 0.6685751676559448 0.6685750484466553 0.2302331179380417 0.23023313283920288 0.009301048703491688 0.007270178757607937 8.789216995239258 1 frame_43.jpg

44 0.6687833070755005 0.6687831878662109 0.22962787747383118 0.22962789237499237 0.018605152145028114 0.014485604129731655 8.774456024169922 1 frame_44.jpg

45 0.6692784428596497 0.6692784428596497 0.2281806915998459 0.22818070650100708 0.02821878343820572 0.02177124284207821 8.75940990447998 1 frame_45.jpg

46 0.669781506061554 0.6697814464569092 0.2266997992992401 0.2266998291015625 0.038096290081739426 0.0291258804500103 8.744051933288574 1 frame_46.jpg

47 0.670292317867279 0.6702921986579895 0.22518502175807953 0.22518503665924072 0.04824163392186165 0.036538973450660706 8.728382110595703 1 frame_47.jpg

48 0.6710498332977295 0.6710497140884399 0.22291743755340576 0.22291745245456696 0.05865556001663208 0.04380568116903305 8.712313652038574 1 frame_48.jpg

49 0.6736403703689575 0.673640251159668 0.21496213972568512 0.2149621546268463 0.06945738196372986 0.049355968832969666 8.695234298706055 1 frame_49.jpg

50 0.6761826872825623 0.6761825680732727 0.20682621002197266 0.20682622492313385 0.08076036721467972 0.054505445063114166 8.677835464477539 1 frame_50.jpg

51 0.6786705851554871 0.6786704659461975 0.1985102742910385 0.1985102891921997 0.09256128966808319 0.059215713292360306 8.660114288330078 1 frame_51.jpg

52 0.6810980439186096 0.6810979247093201 0.19001449644565582 0.1900145262479782 0.10485448688268661 0.06344513595104218 8.642077445983887 1 frame_52.jpg

53 0.6849276423454285 0.6849275827407837 0.1757105588912964 0.1757105588912964 0.11694318056106567 0.0642281323671341 8.622518539428711 1 frame_53.jpg

54 0.6891109943389893 0.6891109347343445 0.15851205587387085 0.15851207077503204 0.12912344932556152 0.06272256374359131 8.602075576782227 1 frame_54.jpg

55 0.6929218769073486 0.6929218173027039 0.1409231275320053 0.1409231424331665 0.14163027703762054 0.06009427830576897 8.581290245056152 1 frame_55.jpg

56 0.6963352560997009 0.6963351368904114 0.12295232713222504 0.12295233458280563 0.1543852835893631 0.05627612769603729 8.560163497924805 1 frame_56.jpg

57 0.700193464756012 0.700193464756012 0.09863647073507309 0.09863647818565369 0.16443626582622528 0.04726564511656761 8.53736686706543 1 frame_57.jpg

58 0.7035542726516724 0.7035541534423828 0.07079169899225235 0.07079170644283295 0.1724981814622879 0.035070158541202545 8.513537406921387 1 frame_58.jpg

59 0.7058342099189758 0.7058340907096863 0.04240473732352257 0.042404741048812866 0.17973293364048004 0.021675312891602516 8.48934268951416 1 frame_59.jpg

60 0.7069776058197021 0.7069774866104126 0.013519305735826492 0.013519306667149067 0.185982808470726 0.007116630207747221 8.464781761169434 1 frame_60.jpg

61 0.7068843841552734 0.7068843245506287 -0.017735503613948822 -0.01773550547659397 0.18292751908302307 -0.00918490719050169 8.439591407775879 1 frame_61.jpg

62 0.7053695917129517 0.7053694725036621 -0.04953644797205925 -0.04953645542263985 0.17784421145915985 -0.0251021571457386 8.414015769958496 1 frame_62.jpg

63 0.702372670173645 0.702372670173645 -0.08168639987707138 -0.08168639987707138 0.17130781710147858 -0.040393371134996414 8.388076782226562 1 frame_63.jpg

64 0.6980674862861633 0.6980674266815186 -0.11270233988761902 -0.11270234733819962 0.1622680127620697 -0.05379745736718178 8.362223625183105 1 frame_64.jpg

65 0.6937843561172485 0.693784236907959 -0.13661377131938934 -0.13661378622055054 0.1466844081878662 -0.060095835477113724 8.338351249694824 1 frame_65.jpg

66 0.6886084675788879 0.6886084079742432 -0.1606810837984085 -0.1606810986995697 0.13084663450717926 -0.06457934528589249 8.314162254333496 1 frame_66.jpg

67 0.6825132369995117 0.6825131177902222 -0.18486692011356354 -0.18486693501472473 0.11494608223438263 -0.06719791144132614 8.289652824401855 1 frame_67.jpg

68 0.6754735112190247 0.6754735112190247 -0.20913051068782806 -0.20913052558898926 0.09918347746133804 -0.0679273009300232 8.264827728271484 1 frame_68.jpg

69 0.6719037890434265 0.671903669834137 -0.2203301340341568 -0.220330148935318 0.0822128877043724 -0.060413017868995667 8.243265151977539 1 frame_69.jpg

70 0.6690225005149841 0.6690223813056946 -0.22893014550209045 -0.22893016040325165 0.06525573879480362 -0.050580866634845734 8.222169876098633 1 frame_70.jpg

71 0.6659937500953674 0.6659936904907227 -0.23759709298610687 -0.23759710788726807 0.048670005053281784 -0.03979036584496498 8.200813293457031 1 frame_71.jpg

72 0.6628143191337585 0.6628143191337585 -0.2463274449110031 -0.2463274598121643 0.03251069039106369 -0.02803727239370346 8.17920207977295 1 frame_72.jpg

73 0.65948086977005 0.65948086977005 -0.25511759519577026 -0.25511762499809265 0.016834640875458717 -0.015317059122025967 8.157333374023438 1 frame_73.jpg

74 0.6588240265846252 0.6588239669799805 -0.25680917501449585 -0.25680917501449585 0.0016234590439125896 -0.0014917212538421154 8.13535213470459 1 frame_74.jpg

75 0.6611203551292419 0.6611202359199524 -0.2508384883403778 -0.2508385181427002 -0.014026036486029625 0.012435052543878555 8.113268852233887 1 frame_75.jpg

76 0.6633873581886292 0.6633872985839844 -0.24478007853031158 -0.24478009343147278 -0.030358638614416122 0.025935105979442596 8.090938568115234 1 frame_76.jpg

77 0.665622889995575 0.6656228303909302 -0.23863403499126434 -0.23863404989242554 -0.047372620552778244 0.03897804394364357 8.068361282348633 1 frame_77.jpg

78 0.6678248643875122 0.6678248643875122 -0.23240049183368683 -0.23240050673484802 -0.06506651639938354 0.05152502655982971 8.045539855957031 1 frame_78.jpg

79 0.6699910759925842 0.6699910163879395 -0.22607967257499695 -0.22607968747615814 -0.08343637734651566 0.06354492157697678 8.022473335266113 1 frame_79.jpg

80 0.6730117201805115 0.6730116009712219 -0.2169223427772522 -0.2169223576784134 -0.10226397216320038 0.0735667273402214 7.998417854309082 1 frame_80.jpg

81 0.6803356409072876 0.6803355813026428 -0.19272635877132416 -0.19272637367248535 -0.1207636222243309 0.07439068704843521 7.97009801864624 1 frame_81.jpg

82 0.6868510842323303 0.6868510246276855 -0.1680345982313156 -0.1680345982313156 -0.14003059267997742 0.07287810742855072 7.941490173339844 1 frame_82.jpg

83 0.6925223469734192 0.6925222277641296 -0.14287352561950684 -0.14287354052066803 -0.1598314791917801 0.06888314336538315 7.912595272064209 1 frame_83.jpg

84 0.6973143815994263 0.6973143219947815 -0.11727192252874374 -0.11727193742990494 -0.17991141974925995 0.062275663018226624 7.883417129516602 1 frame_84.jpg

85 0.7029810547828674 0.7029809951782227 -0.07627394795417786 -0.07627395540475845 -0.19192185997962952 0.042143549770116806 7.850468158721924 1 frame_85.jpg

86 0.7063623070716858 0.7063623070716858 -0.03243977576494217 -0.03243977949023247 -0.2003130465745926 0.018436944112181664 7.816699028015137 1 frame_86.jpg

87 0.7070061564445496 0.70700603723526 0.011932579800486565 0.01193258073180914 -0.20575164258480072 -0.006945977918803692 7.782611846923828 1 frame_87.jpg

88 0.704837441444397 0.7048373818397522 0.05660609155893326 0.056606099009513855 -0.19785749912261963 -0.03198627009987831 7.748923301696777 1 frame_88.jpg

89 0.6997939348220825 0.6997939348220825 0.10143221169710159 0.10143222659826279 -0.18299512565135956 -0.05418789014220238 7.715213775634766 1 frame_89.jpg

90 0.6918190717697144 0.6918189525604248 0.14624108374118805 0.14624109864234924 -0.1656869351863861 -0.07332295924425125 7.68120002746582 1 frame_90.jpg

91 0.6851422786712646 0.6851422190666199 0.17487165331840515 0.17487165331840515 -0.1426214724779129 -0.07787620276212692 7.6509552001953125 1 frame_91.jpg

92 0.6776260137557983 0.6776259541511536 0.20204713940620422 0.20204715430736542 -0.11953100562095642 -0.07823608070611954 7.620806694030762 1 frame_92.jpg

93 0.669396698474884 0.6693966388702393 0.22783353924751282 0.2278335690498352 -0.0972275659441948 -0.07485508173704147 7.590663433074951 1 frame_93.jpg

94 0.6657366752624512 0.6657366752624512 0.2383163422346115 0.2383163720369339 -0.07596894353628159 -0.0623839907348156 7.56339168548584 1 frame_94.jpg

95 0.6618801355361938 0.6618800759315491 0.2488267570734024 0.2488267868757248 -0.05544307082891464 -0.048547349870204926 7.535892963409424 1 frame_95.jpg

96 0.6585524082183838 0.658552348613739 0.2575049102306366 0.257504940032959 -0.0358235202729702 -0.03307100385427475 7.5082879066467285 1 frame_96.jpg

97 0.6595032811164856 0.6595032811164856 0.2550596296787262 0.2550596594810486 -0.01689094491302967 -0.015362671576440334 7.4811835289001465 1 frame_97.jpg

98 0.6604552268981934 0.6604552268981934 0.25258442759513855 0.25258445739746094 0.0024553316179662943 0.0021998146548867226 7.45386266708374 1 frame_98.jpg

99 0.6626787185668945 0.6626786589622498 0.2466920018196106 0.24669203162193298 0.022030489519238472 0.01904207654297352 7.425875186920166 1 frame_99.jpg

100 0.6688407063484192 0.6688406467437744 0.22946055233478546 0.22946058213710785 0.042194463312625885 0.032814428210258484 7.396174430847168 1 frame_100.jpg

101 0.6745966076850891 0.6745964884757996 0.21194221079349518 0.21194224059581757 0.0639607161283493 0.04459276422858238 7.366247177124023 1 frame_101.jpg

102 0.6826846599578857 0.6826845407485962 0.18423286080360413 0.1842328906059265 0.08585663884878159 0.04998055100440979 7.33390474319458 1 frame_102.jpg

103 0.6919739246368408 0.6919738054275513 0.14550666511058807 0.14550666511058807 0.10745774954557419 0.04728365316987038 7.299033164978027 1 frame_103.jpg

104 0.6991118788719177 0.699111819267273 0.10603117942810059 0.10603118687868118 0.12949025630950928 0.0402039960026741 7.263906478881836 1 frame_104.jpg

105 0.7052600383758545 0.7052599787712097 0.051072437316179276 0.051072441041469574 0.1392039805650711 0.02026716060936451 7.224470615386963 1 frame_105.jpg

106 0.7070885896682739 0.7070885300636292 -0.005075146444141865 -0.005075146444141865 0.14534814655780792 -0.002085818210616708 7.1846208572387695 1 frame_106.jpg

107 0.704880952835083 0.7048808336257935 -0.056061502546072006 -0.0560615099966526 0.13981223106384277 -0.022379321977496147 7.145289897918701 1 frame_107.jpg

108 0.6997571587562561 0.6997571587562561 -0.1016855239868164 -0.101685531437397 0.12404242157936096 -0.03682863339781761 7.1064772605896 1 frame_108.jpg

109 0.6916183829307556 0.6916183233261108 -0.14718715846538544 -0.14718717336654663 0.1069645881652832 -0.047686684876680374 7.067399978637695 1 frame_109.jpg

110 0.685447633266449 0.6854475140571594 -0.1736709475517273 -0.1736709624528885 0.08545546978712082 -0.0462724044919014 7.0318827629089355 1 frame_110.jpg

111 0.6813228130340576 0.6813226342201233 -0.18920700252056122 -0.1892070174217224 0.062283821403980255 -0.03748108446598053 6.998362064361572 1 frame_111.jpg

112 0.6768154501914978 0.6768153309822083 -0.20474596321582794 -0.20474599301815033 0.03999000042676926 -0.02663067914545536 6.964624404907227 1 frame_112.jpg

113 0.6719211935997009 0.6719210743904114 -0.22027713060379028 -0.22027714550495148 0.01872965134680271 -0.013758044689893723 6.930667877197266 1 frame_113.jpg

114 0.672762930393219 0.6727628111839294 -0.21769274771213531 -0.2176927626132965 -0.0019258441170677543 0.0013932875590398908 6.896984100341797 1 frame_114.jpg

115 0.6750783920288086 0.6750783324241638 -0.2104024887084961 -0.21040251851081848 -0.023306403309106827 0.01609158329665661 6.863214492797852 1 frame_115.jpg

116 0.6773285269737244 0.6773284077644348 -0.20304222404956818 -0.20304225385189056 -0.045452043414115906 0.029942147433757782 6.82923698425293 1 frame_116.jpg

117 0.6795113682746887 0.679511308670044 -0.19561265408992767 -0.19561268389225006 -0.06834246218204498 0.0429043285548687 6.795050144195557 1 frame_117.jpg

118 0.6816251873970032 0.6816250681877136 -0.188114732503891 -0.18811476230621338 -0.09195447713136673 0.05494134500622749 6.760658264160156 1 frame_118.jpg

119 0.6862457394599915 0.6862456202507019 -0.1704901158809662 -0.17049013078212738 -0.11394719034433365 0.06034334748983383 6.72329044342041 1 frame_119.jpg

120 0.6926518082618713 0.6926516890525818 -0.14224468171596527 -0.14224469661712646 -0.13419559597969055 0.05754562094807625 6.682862758636475 1 frame_120.jpg

121 0.6979227066040039 0.6979226469993591 -0.11359549313783646 -0.11359550803899765 -0.15476322174072266 0.051750779151916504 6.6422014236450195 1 frame_121.jpg

122 0.7020291090011597 0.7020290493965149 -0.08458840847015381 -0.0845884159207344 -0.17529244720935822 0.042864974588155746 6.601308822631836 1 frame_122.jpg

123 0.7057701349258423 0.7057700753211975 -0.043457768857479095 -0.043457768857479095 -0.18471668660640717 0.02283473126590252 6.557583808898926 1 frame_123.jpg

124 0.7071037292480469 0.7071035504341125 0.002101858612149954 0.002101858612149954 -0.1878121793270111 -0.0011145806638523936 6.512726306915283 1 frame_124.jpg

125 0.7054824233055115 0.7054823637008667 0.047901760786771774 0.04790176823735237 -0.18777811527252197 -0.025617387145757675 6.467623710632324 1 frame_125.jpg

126 0.7010542154312134 0.7010541558265686 0.09232016652822495 0.09232017397880554 -0.17046335339546204 -0.04568738490343094 6.4245452880859375 1 frame_126.jpg

127 0.6938286423683167 0.6938285827636719 0.1363886594772339 0.1363886594772339 -0.14914102852344513 -0.0609908401966095 6.381584167480469 1 frame_127.jpg

128 0.6850022077560425 0.6850020885467529 0.17541973292827606 0.17541974782943726 -0.1250367909669876 -0.06853413581848145 6.34001350402832 1 frame_128.jpg

129 0.6776031851768494 0.6776031255722046 0.20212362706661224 0.20212365686893463 -0.0970107913017273 -0.06352700293064117 6.3023786544799805 1 frame_129.jpg

130 0.6691179275512695 0.66911780834198 0.22865097224712372 0.2286509871482849 -0.07054418325424194 -0.05458555743098259 6.264552593231201 1 frame_130.jpg

131 0.6638354659080505 0.663835346698761 0.24356211721897125 0.24356213212013245 -0.044963985681533813 -0.03812534734606743 6.229259490966797 1 frame_131.jpg

132 0.6602516174316406 0.6602515578269958 0.2531162202358246 0.253116250038147 -0.02007460594177246 -0.018042610958218575 6.195065498352051 1 frame_132.jpg

133 0.6568167209625244 0.6568167209625244 0.2619003653526306 0.261900395154953 0.0037394347600638866 0.003545882413163781 6.160730361938477 1 frame_133.jpg

134 0.6591503024101257 0.659150242805481 0.2559705078601837 0.2559705376625061 0.02802644670009613 0.02563365176320076 6.126727104187012 1 frame_134.jpg

135 0.6614411473274231 0.6614411473274231 0.24999123811721802 0.2499912679195404 0.053226131945848465 0.04693843796849251 6.092559814453125 1 frame_135.jpg

136 0.6673843264579773 0.6673842668533325 0.23366259038448334 0.23366262018680573 0.07985140383243561 0.06372694671154022 6.056549072265625 1 frame_136.jpg

137 0.6762834191322327 0.6762832999229431 0.20649655163288116 0.20649658143520355 0.10909449309110641 0.07347296178340912 6.018657207489014 1 frame_137.jpg

138 0.6851707100868225 0.6851706504821777 0.17476022243499756 0.17476023733615875 0.13992248475551605 0.07634475082159042 5.979647636413574 1 frame_138.jpg

139 0.6972428560256958 0.697242796421051 0.11769650131464005 0.11769650876522064 0.16781359910964966 0.05831671133637428 5.934848785400391 1 frame_139.jpg

140 0.7045931220054626 0.7045930624008179 0.05957016721367836 0.05957017466425896 0.19322030246257782 0.03290717676281929 5.889848709106445 1 frame_140.jpg

141 0.7070491909980774 0.7070490121841431 -0.009028633125126362 -0.009028633125126362 0.19352377951145172 -0.004941110964864492 5.841106414794922 1 frame_141.jpg

142 0.7028071284294128 0.7028070092201233 -0.07786040753126144 -0.07786041498184204 0.18648232519626617 -0.041831500828266144 5.792145729064941 1 frame_142.jpg

143 0.6957051157951355 0.695704996585846 -0.1264691799879074 -0.1264691948890686 0.1618812084197998 -0.06086549162864685 5.747216701507568 1 frame_143.jpg

144 0.6865949034690857 0.6865948438644409 -0.1690782755613327 -0.1690782904624939 0.13303253054618835 -0.06974925100803375 5.703310489654541 1 frame_144.jpg

145 0.6748232841491699 0.6748232245445251 -0.21121923625469208 -0.21121925115585327 0.10464594513177872 -0.07262232899665833 5.659220218658447 1 frame_145.jpg

146 0.6705445051193237 0.6705445051193237 -0.22443288564682007 -0.22443291544914246 0.07514587044715881 -0.05664977431297302 5.622286319732666 1 frame_146.jpg

147 0.6669088006019592 0.666908860206604 -0.23501625657081604 -0.23501628637313843 0.04655067250132561 -0.03746142238378525 5.585874557495117 1 frame_147.jpg

148 0.6630905270576477 0.6630904078483582 -0.24558304250240326 -0.24558305740356445 0.01916569471359253 -0.016452142968773842 5.549315452575684 1 frame_148.jpg

149 0.659088671207428 0.659088671207428 -0.2561291456222534 -0.2561291754245758 -0.0069113136269152164 0.006326999049633741 5.512612342834473 1 frame_149.jpg

150 0.6639887094497681 0.6639887690544128 -0.24314400553703308 -0.24314403533935547 -0.033178817480802536 0.02806112729012966 5.475137233734131 1 frame_150.jpg

151 0.6699575185775757 0.6699573993682861 -0.2261791080236435 -0.22617913782596588 -0.06168975308537483 0.047012582421302795 5.437414646148682 1 frame_151.jpg

152 0.6755131483078003 0.6755130887031555 -0.2090025097131729 -0.2090025395154953 -0.0922633484005928 0.06313636898994446 5.39954948425293 1 frame_152.jpg

153 0.6845727562904358 0.6845726370811462 -0.17708812654018402 -0.17708814144134521 -0.12285425513982773 0.06812047958374023 5.357901573181152 1 frame_153.jpg

154 0.6964445114135742 0.6964443922042847 -0.1223321184515953 -0.1223321259021759 -0.15105271339416504 0.054755646735429764 5.310603618621826 1 frame_154.jpg

155 0.7039631009101868 0.7039629817008972 -0.06660368293523788 -0.06660368293523788 -0.1777287721633911 0.03393523022532463 5.263132095336914 1 frame_155.jpg

156 0.7070873379707336 0.7070871591567993 0.0052549331448972225 0.0052549331448972225 -0.17992739379405975 -0.002673109993338585 5.211625099182129 1 frame_156.jpg

157 0.7027596235275269 0.7027595043182373 0.0782879889011383 0.0782879963517189 -0.17324566841125488 -0.03908372297883034 5.159690856933594 1 frame_157.jpg

158 0.6946128010749817 0.6946126818656921 0.13233722746372223 0.13233724236488342 -0.1463126689195633 -0.05784977599978447 5.111958026885986 1 frame_158.jpg

159 0.6827381253242493 0.6827380657196045 0.18403449654579163 0.18403451144695282 -0.1169501319527626 -0.06798820197582245 5.064482688903809 1 frame_159.jpg

160 0.6747341752052307 0.6747339963912964 0.21150392293930054 0.21150393784046173 -0.08577758818864822 -0.05963436886668205 5.022127151489258 1 frame_160.jpg

161 0.6668832898139954 0.6668832898139954 0.23508869111537933 0.23508870601654053 -0.056242045015096664 -0.04527972638607025 4.980453968048096 1 frame_161.jpg

162 0.6627914309501648 0.6627914309501648 0.24638895690441132 0.2463889867067337 -0.02842536009848118 -0.0245228074491024 4.940582275390625 1 frame_162.jpg

163 0.6609792709350586 0.6609792113304138 0.2512100040912628 0.2512100040912628 -0.0011530732735991478 -0.001024154364131391 4.901616096496582 1 frame_163.jpg

164 0.6611111164093018 0.661111056804657 0.2508627772331238 0.25086280703544617 0.025678396224975586 0.02276613377034664 4.862292289733887 1 frame_164.jpg

165 0.6650899648666382 0.6650899052619934 0.24011537432670593 0.24011538922786713 0.05368596687912941 0.0445743165910244 4.822380065917969 1 frame_165.jpg

166 0.6691635251045227 0.6691634058952332 0.22851750254631042 0.2285175323486328 0.08317912369966507 0.0643119066953659 4.782184600830078 1 frame_166.jpg

167 0.6789951324462891 0.6789950132369995 0.19739733636379242 0.1973973661661148 0.11424143612384796 0.07255763560533524 4.737752914428711 1 frame_167.jpg

168 0.6874035000801086 0.6874035000801086 0.16576027870178223 0.16576027870178223 0.1474185287952423 0.07548593729734421 4.693186283111572 1 frame_168.jpg

169 0.6983096599578857 0.698309600353241 0.11119194328784943 0.11119195073843002 0.17544770240783691 0.057327114045619965 4.642805099487305 1 frame_169.jpg

170 0.705152690410614 0.7051525712013245 0.05253325030207634 0.05253325402736664 0.19973380863666534 0.02992708794772625 4.591466426849365 1 frame_170.jpg

171 0.7069723010063171 0.7069722414016724 -0.013792041689157486 -0.013792043551802635 0.20076262950897217 -0.007835912518203259 4.537684917449951 1 frame_171.jpg

172 0.7024016976356506 0.7024016380310059 -0.08143650740385056 -0.08143651485443115 0.19137690961360931 -0.044980838894844055 4.483344554901123 1 frame_172.jpg

173 0.6946139931678772 0.6946138739585876 -0.13233107328414917 -0.13233107328414917 0.1643420308828354 -0.06497541069984436 4.433341979980469 1 frame_173.jpg

174 0.684607982635498 0.6846078634262085 -0.17695190012454987 -0.17695191502571106 0.13229992985725403 -0.07328684628009796 4.384806156158447 1 frame_174.jpg

175 0.6726171970367432 0.6726171374320984 -0.21814246475696564 -0.21814247965812683 0.10089380294084549 -0.07313567399978638 4.336917877197266 1 frame_175.jpg

176 0.6689249873161316 0.6689249277114868 -0.2292148321866989 -0.2292148619890213 0.06826618313789368 -0.05300836265087128 4.297175407409668 1 frame_176.jpg

177 0.6650400161743164 0.6650399565696716 -0.24025367200374603 -0.24025370180606842 0.037030093371868134 -0.03077070601284504 4.257327079772949 1 frame_177.jpg

178 0.6609621644020081 0.6609621644020081 -0.2512548565864563 -0.2512548863887787 0.007298379670828581 -0.006485839374363422 4.217376708984375 1 frame_178.jpg

179 0.6614004969596863 0.6614003777503967 -0.25009885430336 -0.2500988841056824 -0.021008891984820366 0.01854037307202816 4.176680564880371 1 frame_179.jpg

180 0.6677313446998596 0.6677313446998596 -0.23266898095607758 -0.23266901075839996 -0.0509011372923851 0.04037481173872948 4.135027885437012 1 frame_180.jpg

181 0.6736170649528503 0.6736169457435608 -0.21503515541553497 -0.21503518521785736 -0.08314314484596252 0.0591067411005497 4.093271255493164 1 frame_181.jpg

182 0.6790496706962585 0.6790496110916138 -0.19720950722694397 -0.19720953702926636 -0.11749675869941711 0.07453355938196182 4.051413536071777 1 frame_182.jpg

183 0.6881387233734131 0.6881386637687683 -0.16268107295036316 -0.16268108785152435 -0.1477135568857193 0.07397595793008804 4.002658367156982 1 frame_183.jpg

184 0.697048008441925 0.697048008441925 -0.11884485930204391 -0.11884486675262451 -0.17498038709163666 0.06145361438393593 3.9502158164978027 1 frame_184.jpg

185 0.7031786441802979 0.7031785249710083 -0.07443036139011383 -0.07443036139011383 -0.20120127499103546 0.04307697340846062 3.897653102874756 1 frame_185.jpg

186 0.706489086151123 0.7064890265464783 -0.029550189152359962 -0.02955019101500511 -0.21024610102176666 0.017618997022509575 3.8423357009887695 1 frame_186.jpg

187 0.7069352269172668 0.7069351077079773 0.015578174963593483 0.015578176826238632 -0.20943932235240936 -0.009234423749148846 3.785750150680542 1 frame_187.jpg

188 0.7044932842254639 0.7044931650161743 0.06073959544301033 0.06073959916830063 -0.20522581040859222 -0.03565249219536781 3.7290430068969727 1 frame_188.jpg

189 0.7012902498245239 0.7012901306152344 0.0905100479722023 0.0905100554227829 -0.1841992437839508 -0.04835107550024986 3.6751112937927246 1 frame_189.jpg

190 0.6968554854393005 0.696855366230011 0.11996884644031525 0.11996886134147644 -0.16239094734191895 -0.05762083828449249 3.621105670928955 1 frame_190.jpg

191 0.6917105317115784 0.6917104721069336 0.14675354957580566 0.14675356447696686 -0.1394565999507904 -0.0619632750749588 3.5676631927490234 1 frame_191.jpg

192 0.6885232925415039 0.6885232329368591 0.16104567050933838 0.16104568541049957 -0.1122661679983139 -0.05555727332830429 3.517423391342163 1 frame_192.jpg

193 0.68503338098526 0.6850333213806152 0.17529775202274323 0.17529776692390442 -0.08583464473485947 -0.04700745642185211 3.467081069946289 1 frame_193.jpg

194 0.6817110776901245 0.6817110776901245 0.18780316412448883 0.18780319392681122 -0.05996037647128105 -0.03575005754828453 3.4170000553131104 1 frame_194.jpg

195 0.6806558966636658 0.680655837059021 0.19159232079982758 0.19159233570098877 -0.032935719937086105 -0.020136984065175056 3.3686623573303223 1 frame_195.jpg

196 0.6795775890350342 0.6795775294303894 0.19538259506225586 0.19538260996341705 -0.006219326984137297 -0.0038982254918664694 3.3202338218688965 1 frame_196.jpg

197 0.678600013256073 0.6785998940467834 0.19875134527683258 0.19875137507915497 0.020181365311145782 0.01293151080608368 3.271707534790039 1 frame_197.jpg

198 0.680066704750061 0.6800666451454163 0.193673238158226 0.1936732530593872 0.04681813344359398 0.029020139947533607 3.222933769226074 1 frame_198.jpg

199 0.6814979910850525 0.6814978718757629 0.1885751336812973 0.1885751485824585 0.07398326694965363 0.044338710606098175 3.1740732192993164 1 frame_199.jpg

200 0.6828933358192444 0.6828932166099548 0.18345782160758972 0.18345783650875092 0.10165944695472717 0.05887053161859512 3.1251285076141357 1 frame_200.jpg

201 0.6869248747825623 0.6869247555732727 0.1677328646183014 0.1677328646183014 0.12828096747398376 0.06661967933177948 3.0736706256866455 1 frame_201.jpg

202 0.6907015442848206 0.690701425075531 0.1514313519001007 0.1514313668012619 0.15575474500656128 0.0717453882098198 3.022021770477295 1 frame_202.jpg

203 0.6941752433776855 0.694175124168396 0.134613499045372 0.134613499045372 0.1838342696428299 0.07408429682254791 2.9701831340789795 1 frame_203.jpg

204 0.6996890306472778 0.6996890306472778 0.10215327143669128 0.10215327888727188 0.2059515416622162 0.0614466667175293 2.914189100265503 1 frame_204.jpg

205 0.703690767288208 0.703690767288208 0.06942152231931686 0.06942152976989746 0.22720429301261902 0.04526931419968605 2.8581087589263916 1 frame_205.jpg

206 0.7063843011856079 0.7063841819763184 0.031958118081092834 0.03195812180638313 0.24184726178646088 0.021928483620285988 2.8012008666992188 1 frame_206.jpg

207 0.7069265246391296 0.7069263458251953 -0.015968238934874535 -0.015968240797519684 0.24103288352489471 -0.010893724858760834 2.742518186569214 1 frame_207.jpg

208 0.7042143940925598 0.704214334487915 -0.06389158964157104 -0.06389159709215164 0.2358020693063736 -0.04314238578081131 2.683749198913574 1 frame_208.jpg

209 0.6985827088356018 0.6985825896263123 -0.10946356505155563 -0.10946357250213623 0.2120862752199173 -0.06813768297433853 2.6284077167510986 1 frame_209.jpg

210 0.690207839012146 0.6902077198028564 -0.1536659449338913 -0.1536659598350525 0.17988556623458862 -0.08427531272172928 2.574612855911255 1 frame_210.jpg

211 0.6790223121643066 0.6790221929550171 -0.19730369746685028 -0.19730371236801147 0.14732931554317474 -0.09351395070552826 2.5207467079162598 1 frame_211.jpg

212 0.672175407409668 0.6721752882003784 -0.21950004994869232 -0.21950006484985352 0.1107444167137146 -0.08096027374267578 2.4756669998168945 1 frame_212.jpg

213 0.666614830493927 0.6666147708892822 -0.23584887385368347 -0.23584890365600586 0.07480873912572861 -0.06050867214798927 2.432953357696533 1 frame_213.jpg

214 0.6606492400169373 0.6606492400169373 -0.2520765960216522 -0.2520765960216522 0.04117105156183243 -0.03677201643586159 2.3901877403259277 1 frame_214.jpg

215 0.655179500579834 0.6551794409751892 -0.2659696936607361 -0.2659696936607361 0.010090881027281284 -0.009809119626879692 2.3474342823028564 1 frame_215.jpg

216 0.6598086953163147 0.6598086357116699 -0.2542685270309448 -0.2542685568332672 -0.020649045705795288 0.01869107410311699 2.3053627014160156 1 frame_216.jpg

217 0.6642340421676636 0.664233922958374 -0.24247302114963531 -0.2424730509519577 -0.053404632955789566 0.04498491436243057 2.26324200630188 1 frame_217.jpg

218 0.6684527397155762 0.6684526801109314 -0.23058828711509705 -0.23058830201625824 -0.0880560651421547 0.06895724684000015 2.2210776805877686 1 frame_218.jpg

219 0.6724632978439331 0.6724631786346436 -0.21861650049686432 -0.2186165302991867 -0.12448535114526749 0.09050580859184265 2.178865432739258 1 frame_219.jpg

220 0.6835797429084778 0.683579683303833 -0.18088333308696747 -0.18088334798812866 -0.1590602993965149 0.0905166044831276 2.127274513244629 1 frame_220.jpg

221 0.6936113834381104 0.6936113238334656 -0.13748937845230103 -0.13748937845230103 -0.19377931952476501 0.07996486127376556 2.0738255977630615 1 frame_221.jpg

222 0.7008970975875854 0.7008970379829407 -0.09350558370351791 -0.09350559860467911 -0.22801169753074646 0.061939965933561325 2.020322322845459 1 frame_222.jpg

223 0.706165611743927 0.7061654925346375 -0.03647184744477272 -0.03647185117006302 -0.2410927712917328 0.024970795959234238 1.9617222547531128 1 frame_223.jpg

224 0.7067030072212219 0.7067029476165771 0.02389376610517502 0.023893767967820168 -0.24299770593643188 -0.01645028404891491 1.9018566608428955 1 frame_224.jpg

225 0.7026152610778809 0.7026151418685913 0.07957284897565842 0.07957285642623901 -0.23091450333595276 -0.05298233404755592 1.8433743715286255 1 frame_225.jpg

226 0.6958512663841248 0.69585120677948 0.12566246092319489 0.12566247582435608 -0.20092807710170746 -0.07501674443483353 1.7877528667449951 1 frame_226.jpg

227 0.6860581636428833 0.6860580444335938 0.17124338448047638 0.17124339938163757 -0.16949431598186493 -0.09023480862379074 1.732085943222046 1 frame_227.jpg

228 0.6790547966957092 0.6790546774864197 0.19719187915325165 0.19719190895557404 -0.13371162116527557 -0.0848088264465332 1.682592749595642 1 frame_228.jpg

229 0.6720133423805237 0.6720132827758789 0.2199956774711609 0.21999569237232208 -0.09912504255771637 -0.07269082963466644 1.634016990661621 1 frame_229.jpg

230 0.6653980016708374 0.6653980016708374 0.23926036059856415 0.23926039040088654 -0.06658565253019333 -0.05499572679400444 1.5863248109817505 1 frame_230.jpg

231 0.6627804636955261 0.6627804636955261 0.24641844630241394 0.24641847610473633 -0.03460525721311569 -0.029859645292162895 1.5419270992279053 1 frame_231.jpg

232 0.6600842475891113 0.6600842475891113 0.2535523474216461 0.2535523772239685 -0.003734585363417864 -0.0033656808082014322 1.4975013732910156 1 frame_232.jpg

233 0.6594687700271606 0.6594687700271606 0.25514885783195496 0.25514888763427734 0.026505697518587112 0.024120856076478958 1.4531992673873901 1 frame_233.jpg

234 0.6615439653396606 0.6615438461303711 0.24971912801265717 0.24971915781497955 0.057742778211832047 0.05083758756518364 1.409062147140503 1 frame_234.jpg

235 0.663575291633606 0.6635753512382507 0.24427001178264618 0.24427002668380737 0.0898737832903862 0.07653845846652985 1.3649028539657593 1 frame_235.jpg

236 0.6699472069740295 0.6699471473693848 0.2262095808982849 0.2262095957994461 0.12404891103506088 0.09455075114965439 1.3180129528045654 1 frame_236.jpg

237 0.6774184703826904 0.6774183511734009 0.20274192094802856 0.20274195075035095 0.1609352082014084 0.10580916702747345 1.2699891328811646 1 frame_237.jpg

238 0.685624897480011 0.685624897480011 0.17296971380710602 0.1729697287082672 0.19953568279743195 0.10752105712890625 1.2204463481903076 1 frame_238.jpg

239 0.6972261667251587 0.6972261667251587 0.1177951842546463 0.1177951917052269 0.2362968772649765 0.08218984305858612 1.1647619009017944 1 frame_239.jpg

240 0.7043963670730591 0.7043962478637695 0.06185315176844597 0.06185315549373627 0.26952341198921204 0.04770185053348541 1.1090584993362427 1 frame_240.jpg

241 0.7069056034088135 0.7069055438041687 -0.01686757802963257 -0.016867579892277718 0.27058538794517517 -0.012920234352350235 1.048764705657959 1 frame_241.jpg

242 0.7005748748779297 0.7005747556686401 -0.09589029103517532 -0.09589030593633652 0.25765734910964966 -0.0718795508146286 0.9883514046669006 1 frame_242.jpg

243 0.6901499032974243 0.6901498436927795 -0.15392576158046722 -0.15392577648162842 0.2172212302684784 -0.10196682065725327 0.9356021881103516 1 frame_243.jpg

244 0.6760737895965576 0.6760737299919128 -0.20718179643154144 -0.20718182623386383 0.1721252053976059 -0.1164289191365242 0.884310781955719 1 frame_244.jpg

245 0.6601869463920593 0.6601869463920593 -0.2532847821712494 -0.2532848119735718 0.12884023785591125 -0.11592373996973038 0.8350715041160583 1 frame_245.jpg

246 0.6549701690673828 0.654970109462738 -0.26648470759391785 -0.26648473739624023 0.09031177312135696 -0.08806812763214111 0.7970893383026123 1 frame_246.jpg

247 0.6494884490966797 0.6494884490966797 -0.27957960963249207 -0.27957963943481445 0.05427521467208862 -0.057354338467121124 0.7591006755828857 1 frame_247.jpg

248 0.6437443494796753 0.6437443494796753 -0.29256322979927063 -0.292563259601593 0.02089887671172619 -0.023940719664096832 0.7211078405380249 1 frame_248.jpg

249 0.6409662365913391 0.6409661173820496 -0.29860061407089233 -0.2986006438732147 -0.009809122420847416 0.01167283020913601 0.6829155683517456 1 frame_249.jpg

250 0.6484024524688721 0.6484023928642273 -0.2820892333984375 -0.2820892632007599 -0.04209231585264206 0.04517512023448944 0.6440759897232056 1 frame_250.jpg

251 0.6554135680198669 0.6554135084152222 -0.2653923034667969 -0.26539233326911926 -0.07774975895881653 0.0753142312169075 0.6052349805831909 1 frame_251.jpg

252 0.6619946956634521 0.6619946360588074 -0.2485218346118927 -0.2485218495130539 -0.11651497334241867 0.10183478146791458 0.5663953423500061 1 frame_252.jpg

253 0.6738640666007996 0.6738640069961548 -0.2142597883939743 -0.2142598181962967 -0.15754084289073944 0.11144966632127762 0.5207086205482483 1 frame_253.jpg

254 0.68856281042099 0.6885627508163452 -0.16087667644023895 -0.16087669134140015 -0.1994670182466507 0.09858930855989456 0.4678111672401428 1 frame_254.jpg

255 0.6990385055541992 0.6990384459495544 -0.10651398450136185 -0.10651399940252304 -0.2405852973461151 0.07505969703197479 0.4149203896522522 1 frame_255.jpg

256 0.7057993412017822 0.7057992815971375 -0.042980849742889404 -0.0429808534681797 -0.25776052474975586 0.031510401517152786 0.35600340366363525 1 frame_256.jpg

257 0.7067267298698425 0.7067266702651978 0.023182183504104614 0.023182187229394913 -0.2608969211578369 -0.017134418711066246 0.29548007249832153 1 frame_257.jpg

258 0.702706515789032 0.7027063965797424 0.0787631943821907 0.0787632018327713 -0.24619916081428528 -0.055892862379550934 0.23676621913909912 1 frame_258.jpg

259 0.6964936852455139 0.6964935660362244 0.12205170840024948 0.12205171585083008 -0.21733519434928894 -0.07858362048864365 0.18013596534729004 1 frame_259.jpg

260 0.6876813769340515 0.6876811981201172 0.1646038293838501 0.1646038293838501 -0.1869034618139267 -0.09491249173879623 0.12358565628528595 1 frame_260.jpg

261 0.6827635169029236 0.6827634572982788 0.18394026160240173 0.18394029140472412 -0.15268349647521973 -0.08870576322078705 0.07291700690984726 1 frame_261.jpg

262 0.6773039102554321 0.6773038506507874 0.2031242996454239 0.20312431454658508 -0.11985985934734344 -0.07899733632802963 0.02226434089243412 1 frame_262.jpg

263 0.6726133227348328 0.6726132035255432 0.21815453469753265 0.21815454959869385 -0.08846347779035568 -0.0641305223107338 -0.027454424649477005 1 frame_263.jpg

264 0.6709460616111755 0.6709458827972412 0.22322964668273926 0.22322967648506165 -0.05751730874180794 -0.0430370457470417 -0.07488993555307388 1 frame_264.jpg

265 0.6692411303520203 0.6692410707473755 0.22829009592533112 0.2282901108264923 -0.02724786102771759 -0.02103741466999054 -0.12230599671602249 1 frame_265.jpg

266 0.6689326167106628 0.6689325571060181 0.22919245064258575 0.22919246554374695 0.002308914437890053 0.0017925950232893229 -0.1697353720664978 1 frame_266.jpg

267 0.6708527207374573 0.6708526611328125 0.22350989282131195 0.22350992262363434 0.032148174941539764 0.024096602573990822 -0.2171972543001175 1 frame_267.jpg

268 0.6727237105369568 0.6727235913276672 0.2178138941526413 0.2178139090538025 0.0627220943570137 0.045372724533081055 -0.2646373510360718 1 frame_268.jpg

269 0.6766561269760132 0.6766560673713684 0.20527182519435883 0.20527184009552002 0.09340935200452805 0.06241792067885399 -0.3136674165725708 1 frame_269.jpg

270 0.6823890209197998 0.6823889017105103 0.18532484769821167 0.18532486259937286 0.12493148446083069 0.07326190918684006 -0.36439645290374756 1 frame_270.jpg

271 0.6875307559967041 0.6875306963920593 0.16523176431655884 0.16523176431655884 0.157928928732872 0.08056196570396423 -0.4150918424129486 1 frame_271.jpg

272 0.6955156326293945 0.695515513420105 0.1275070607662201 0.1275070756673813 0.18756647408008575 0.07116375863552094 -0.47023850679397583 1 frame_272.jpg

273 0.7021417021751404 0.7021415829658508 0.08364882320165634 0.08364883065223694 0.21476002037525177 0.0519070066511631 -0.5268138647079468 1 frame_273.jpg

274 0.7063066363334656 0.7063066363334656 0.03362984582781792 0.033629849553108215 0.23359952867031097 0.022295644506812096 -0.5843236446380615 1 frame_274.jpg

275 0.7064085006713867 0.7064083814620972 -0.031418778002262115 -0.031418781727552414 0.23070991039276123 -0.02056322991847992 -0.6442739367485046 1 frame_275.jpg

276 0.7005389928817749 0.7005388140678406 -0.0961521789431572 -0.09615218639373779 0.22013674676418304 -0.06159002706408501 -0.7041786313056946 1 frame_276.jpg

277 0.6911956071853638 0.6911954879760742 -0.14915992319583893 -0.14915992319583893 0.1828974336385727 -0.08279436826705933 -0.7566867470741272 1 frame_277.jpg

278 0.6781431436538696 0.6781430840492249 -0.20030464231967926 -0.20030467212200165 0.14333809912204742 -0.09276991337537766 -0.8084936141967773 1 frame_278.jpg

279 0.663005530834198 0.663005530834198 -0.24581222236156464 -0.24581223726272583 0.10508692264556885 -0.09034108370542526 -0.8584192395210266 1 frame_279.jpg

280 0.6569355130195618 0.6569355130195618 -0.2616022229194641 -0.2616022527217865 0.06713119149208069 -0.06354162842035294 -0.896401584148407 1 frame_280.jpg

281 0.6504956483840942 0.6504955887794495 -0.27722814679145813 -0.27722814679145813 0.03208744525909424 -0.03342023491859436 -0.9343487620353699 1 frame_281.jpg

282 0.6436911821365356 0.6436911225318909 -0.29268014430999756 -0.29268017411231995 0.00017925305292010307 -0.00020568126637954265 -0.9722577929496765 1 frame_282.jpg

283 0.6397971510887146 0.6397971510887146 -0.30109739303588867 -0.30109739303588867 -0.02923741564154625 0.03534787893295288 -1.0099633932113647 1 frame_283.jpg

284 0.6454513072967529 0.6454513072967529 -0.2887778580188751 -0.2887778580188751 -0.061558593064546585 0.06886878609657288 -1.0471309423446655 1 frame_284.jpg

285 0.6508623957633972 0.6508623361587524 -0.2763659954071045 -0.2763659954071045 -0.09640706330537796 0.09987978637218475 -1.0842570066452026 1 frame_285.jpg

286 0.6560291647911072 0.6560291647911072 -0.2638669013977051 -0.26386693120002747 -0.13363008201122284 0.12824422121047974 -1.1213418245315552 1 frame_286.jpg

287 0.6628677845001221 0.6628676652908325 -0.2461835741996765 -0.2461835891008377 -0.17382025718688965 0.14976835250854492 -1.160280466079712 1 frame_287.jpg

288 0.6788062453269958 0.6788061261177063 -0.19804593920707703 -0.19804596900939941 -0.22032016515731812 0.14052081108093262 -1.2102339267730713 1 frame_288.jpg

289 0.691240131855011 0.6912400126457214 -0.1489536613225937 -0.14895367622375488 -0.26713499426841736 0.12073473632335663 -1.2601227760314941 1 frame_289.jpg

290 0.7010082602500916 0.7010082006454468 -0.09266854077577591 -0.0926685556769371 -0.3060738742351532 0.08236094564199448 -1.312627911567688 1 frame_290.jpg

291 0.7068186402320862 0.7068185210227966 -0.020185284316539764 -0.020185286179184914 -0.3210996985435486 0.018354497849941254 -1.3714731931686401 1 frame_291.jpg

292 0.7051763534545898 0.7051762342453003 0.05221487954258919 0.052214883267879486 -0.32244667410850525 -0.04801471531391144 -1.4301996231079102 1 frame_292.jpg

293 0.6991732120513916 0.6991731524467468 0.10562604665756226 0.10562605410814285 -0.2910381853580475 -0.08998986333608627 -1.485055923461914 1 frame_293.jpg

294 0.68914794921875 0.6891478896141052 0.15835130214691162 0.15835131704807281 -0.25488048791885376 -0.12366130948066711 -1.5398333072662354 1 frame_294.jpg

295 0.6805918216705322 0.6805917024612427 0.19181983172893524 0.19181986153125763 -0.21578921377658844 -0.1321336179971695 -1.5896186828613281 1 frame_295.jpg

296 0.6733617186546326 0.6733616590499878 0.21583333611488342 0.2158333659172058 -0.17769166827201843 -0.12695495784282684 -1.6369006633758545 1 frame_296.jpg

297 0.6655311584472656 0.6655311584472656 0.23888972401618958 0.23888975381851196 -0.14168329536914825 -0.1167563870549202 -1.6839466094970703 1 frame_297.jpg

298 0.6629494428634644 0.6629494428634644 0.24596357345581055 0.24596360325813293 -0.10915126651525497 -0.09392166137695312 -1.7269251346588135 1 frame_298.jpg

299 0.6602967977523804 0.6602967381477356 0.25299835205078125 0.25299838185310364 -0.07771822065114975 -0.06980513781309128 -1.7698359489440918 1 frame_299.jpg

300 0.6584416031837463 0.6584415435791016 0.2577880918979645 0.2577880918979645 -0.047664809972047806 -0.04407947137951851 -1.812608242034912 1 frame_300.jpg

301 0.6602236032485962 0.6602235436439514 0.25318941473960876 0.25318941473960876 -0.018686911091208458 -0.016803767532110214 -1.855018973350525 1 frame_301.jpg

302 0.6619703769683838 0.661970317363739 0.24858656525611877 0.24858659505844116 0.01098465733230114 0.0096043162047863 -1.8973554372787476 1 frame_302.jpg

303 0.6653010845184326 0.6653010249137878 0.23952972888946533 0.23952975869178772 0.040872517973184586 0.03381362929940224 -1.9406492710113525 1 frame_303.jpg

304 0.6719383001327515 0.6719381809234619 0.22022485733032227 0.22022488713264465 0.07149501144886017 0.05250377207994461 -1.9862099885940552 1 frame_304.jpg

305 0.6780048608779907 0.678004801273346 0.20077207684516907 0.20077209174633026 0.10425365716218948 0.06767787039279938 -2.0316877365112305 1 frame_305.jpg

306 0.6871342062950134 0.6871341466903687 0.16687321662902832 0.16687323153018951 0.13636066019535065 0.07038246095180511 -2.0809977054595947 1 frame_306.jpg

307 0.6965028047561646 0.696502685546875 0.12199975550174713 0.12199976295232773 0.16730964183807373 0.060466960072517395 -2.133080005645752 1 frame_307.jpg

308 0.703227162361145 0.7032269835472107 0.07397062331438065 0.07397063076496124 0.19523926079273224 0.041532259434461594 -2.1857011318206787 1 frame_308.jpg

309 0.707088053226471 0.7070878744125366 0.005157363601028919 0.005157363601028919 0.20109573006629944 0.002933037467300892 -2.2429943084716797 1 frame_309.jpg

310 0.7042436003684998 0.704243540763855 -0.06356902420520782 -0.06356903165578842 0.1993481069803238 -0.036284301429986954 -2.3001739978790283 1 frame_310.jpg

311 0.6967010498046875 0.6967009902000427 -0.12086237221956253 -0.12086238712072372 0.1720719337463379 -0.061553969979286194 -2.3523826599121094 1 frame_311.jpg

312 0.685309112071991 0.6853090524673462 -0.17421670258045197 -0.17421671748161316 0.1377609819173813 -0.07488168030977249 -2.4030919075012207 1 frame_312.jpg

313 0.6698738932609558 0.669873833656311 -0.22642652690410614 -0.22642654180526733 0.1040538102388382 -0.07941728085279465 -2.45369553565979 1 frame_313.jpg

314 0.6645328402519226 0.664605975151062 -0.24156475067138672 -0.24153994023799896 0.06847726553678513 -0.0570015124976635 -2.4919376373291016 1 frame_314.jpg

315 0.6591519713401794 0.6592995524406433 -0.25580111145973206 -0.25575101375579834 0.035106971859931946 -0.03131595999002457 -2.5298397541046143 1 frame_315.jpg

316 0.6534799337387085 0.6537016034126282 -0.26988789439201355 -0.2698124945163727 0.0041901785880327225 -0.002973647089675069 -2.5676567554473877 1 frame_316.jpg

317 0.6475211381912231 0.6478168368339539 -0.2838192284107208 -0.2837188243865967 -0.024120958521962166 0.02784924954175949 -2.605386972427368 1 frame_317.jpg

318 0.6539400219917297 0.6542671322822571 -0.2686658501625061 -0.26854366064071655 -0.054382529109716415 0.0556258000433445 -2.643838882446289 1 frame_318.jpg

319 0.6603091955184937 0.6606663465499878 -0.2525712251663208 -0.25242742896080017 -0.08731961250305176 0.08028261363506317 -2.682224750518799 1 frame_319.jpg

320 0.6662685871124268 0.6666554808616638 -0.23636272549629211 -0.23619751632213593 -0.12263883650302887 0.10172908008098602 -2.7205235958099365 1 frame_320.jpg

321 0.6718168258666992 0.672232985496521 -0.2200535088777542 -0.21986708045005798 -0.1600857973098755 0.11980798095464706 -2.7587313652038574 1 frame_321.jpg

322 0.684315025806427 0.6840714812278748 -0.17854875326156616 -0.17854835093021393 -0.19625447690486908 0.10909472405910492 -2.8084840774536133 1 frame_322.jpg

323 0.6944882273674011 0.6935556530952454 -0.13530327379703522 -0.13549810647964478 -0.23180840909481049 0.09013239294290543 -2.858616590499878 1 frame_323.jpg

324 0.70192551612854 0.7003092169761658 -0.09164099395275116 -0.09202975034713745 -0.2656213343143463 0.06403246521949768 -2.9085776805877686 1 frame_324.jpg

325 0.7071456909179688 0.7038319706916809 -0.047425705939531326 -0.04812764376401901 -0.2797459065914154 0.02391444891691208 -2.9625837802886963 1 frame_325.jpg

326 0.709719717502594 0.7044655680656433 -0.0030640410259366035 -0.004106616135686636 -0.2844233214855194 -0.019825004041194916 -3.017407178878784 1 frame_326.jpg

327 0.7095208168029785 0.7023519277572632 0.04119225963950157 0.03981408476829529 -0.28360500931739807 -0.06417027115821838 -3.0719637870788574 1 frame_327.jpg

328 0.7083942294120789 0.69865483045578 0.07167685776948929 0.07015319913625717 -0.2647610306739807 -0.09827746450901031 -3.1244101524353027 1 frame_328.jpg

329 0.7063257694244385 0.6939264535903931 0.0997338518500328 0.0980980172753334 -0.24136820435523987 -0.12815921008586884 -3.17631196975708 1 frame_329.jpg

330 0.7031418681144714 0.6881099343299866 0.12755081057548523 0.1258057802915573 -0.21602167189121246 -0.15518730878829956 -3.2279789447784424 1 frame_330.jpg

331 0.7011953592300415 0.6832537055015564 0.144811749458313 0.14324471354484558 -0.18515054881572723 -0.1723880022764206 -3.2768986225128174 1 frame_331.jpg

332 0.699774980545044 0.6788226366043091 0.1579831838607788 0.15670408308506012 -0.1523895263671875 -0.1849650740623474 -3.3246304988861084 1 frame_332.jpg

333 0.6980964541435242 0.6741502285003662 0.17105717957019806 0.17006555199623108 -0.11950693279504776 -0.1957497000694275 -3.372164726257324 1 frame_333.jpg

334 0.6969292163848877 0.6698412895202637 0.18139255046844482 0.18082869052886963 -0.08574092388153076 -0.20424318313598633 -3.4188969135284424 1 frame_334.jpg

335 0.6975904107093811 0.6669568419456482 0.18500742316246033 0.18522536754608154 -0.049794428050518036 -0.2105768620967865 -3.4638490676879883 1 frame_335.jpg

336 0.69822096824646 0.6640540957450867 0.1886034458875656 0.18960072100162506 -0.013817795552313328 -0.21657881140708923 -3.508547306060791 1 frame_336.jpg

337 0.6988211274147034 0.6611331105232239 0.19218085706233978 0.19395507872104645 0.022186551243066788 -0.22225075960159302 -3.5529990196228027 1 frame_337.jpg

338 0.7010535001754761 0.6591266393661499 0.19093498587608337 0.19395843148231506 0.06026863679289818 -0.23136170208454132 -3.5968267917633057 1 frame_338.jpg

339 0.7042111158370972 0.6576399207115173 0.18691948056221008 0.19146166741847992 0.09971891343593597 -0.24347341060638428 -3.6400468349456787 1 frame_339.jpg

340 0.7073342204093933 0.6561354398727417 0.1829107105731964 0.18896642327308655 0.13936398923397064 -0.25666534900665283 -3.6828300952911377 1 frame_340.jpg

341 0.7104232311248779 0.6546132564544678 0.17890842258930206 0.18647272884845734 0.17918869853019714 -0.2709317207336426 -3.725172996520996 1 frame_341.jpg

342 0.7166071534156799 0.6541070938110352 0.16595327854156494 0.17628853023052216 0.22299465537071228 -0.30215632915496826 -3.7672622203826904 1 frame_342.jpg

343 0.7227188944816589 0.6534497737884521 0.15246695280075073 0.1656341850757599 0.26650452613830566 -0.33723366260528564 -3.808469533920288 1 frame_343.jpg

344 0.7285703420639038 0.6525780558586121 0.13897572457790375 0.1549610048532486 0.30932652950286865 -0.37525177001953125 -3.848745346069336 1 frame_344.jpg

345 0.7358794212341309 0.6517301201820374 0.11962073296308517 0.13935653865337372 0.35203877091407776 -0.42933276295661926 -3.887754440307617 1 frame_345.jpg

346 0.7449727058410645 0.6505307555198669 0.09127231687307358 0.11616680771112442 0.39202290773391724 -0.5079918503761292 -3.9246461391448975 1 frame_346.jpg

347 0.7529769539833069 0.6484135389328003 0.06289656460285187 0.09289589524269104 0.4264889061450958 -0.5914545059204102 -3.9596078395843506 1 frame_347.jpg

348 0.7601688504219055 0.6453056335449219 0.032832760363817215 0.06816103309392929 0.4535962641239166 -0.6831350326538086 -3.992281436920166 1 frame_348.jpg

349 0.7678344249725342 0.6397910118103027 -0.012321456335484982 0.03075524978339672 0.4572060704231262 -0.8123759627342224 -4.019377708435059 1 frame_349.jpg

350 0.7727784514427185 0.6320525407791138 -0.05726540833711624 -0.006620020139962435 0.44529852271080017 -0.9420788884162903 -4.044247150421143 1 frame_350.jpg

351 0.7750133275985718 0.6221430897712708 -0.1018390879034996 -0.043830160051584244 0.4178931415081024 -1.0702683925628662 -4.06725549697876 1 frame_351.jpg

352 0.7740055918693542 0.6106526851654053 -0.14643824100494385 -0.0810835063457489 0.35698768496513367 -1.183288335800171 -4.087904453277588 1 frame_352.jpg

353 0.770285427570343 0.5970875024795532 -0.19037166237831116 -0.11792156100273132 0.28311967849731445 -1.2862409353256226 -4.10881233215332 1 frame_353.jpg

354 0.7639121413230896 0.5815086960792542 -0.23346829414367676 -0.15420258045196533 0.19833844900131226 -1.3780198097229004 -4.130436420440674 1 frame_354.jpg

355 0.7589404582977295 0.5700362920761108 -0.26020917296409607 -0.1770855337381363 0.12083446979522705 -1.431504487991333 -4.154891014099121 1 frame_355.jpg

356 0.756223738193512 0.5626099705696106 -0.2747964560985565 -0.1899542361497879 0.05383994057774544 -1.459267020225525 -4.181221961975098 1 frame_356.jpg

357 0.7531870603561401 0.5549684762954712 -0.2892020642757416 -0.20268560945987701 -0.013368671759963036 -1.483219861984253 -4.207926273345947 1 frame_357.jpg

358 0.7498359084129333 0.5471177697181702 -0.30342158675193787 -0.21527567505836487 -0.08059028536081314 -1.503418207168579 -4.235028266906738 1 frame_358.jpg

359 0.7477943897247314 0.5406073927879333 -0.31326326727867126 -0.22452910244464874 -0.14434128999710083 -1.5197986364364624 -4.262729167938232 1 frame_359.jpg

360 0.7571883797645569 0.5451248288154602 -0.29211798310279846 -0.21017058193683624 -0.18412242829799652 -1.5358115434646606 -4.291020393371582 1 frame_360.jpg

361 0.7659686803817749 0.549210250377655 -0.2708427309989929 -0.19571475684642792 -0.22426705062389374 -1.5556875467300415 -4.317693710327148 1 frame_361.jpg

362 0.774135410785675 0.5528654456138611 -0.24945823848247528 -0.1811760514974594 -0.26443028450012207 -1.579430103302002 -4.342723369598389 1 frame_362.jpg

363 0.7846017479896545 0.5584302544593811 -0.21743594110012054 -0.1589888334274292 -0.2965220808982849 -1.617638349533081 -4.3663225173950195 1 frame_363.jpg

364 0.7979003190994263 0.566504955291748 -0.1655699610710144 -0.12253084778785706 -0.309495747089386 -1.6796910762786865 -4.388496398925781 1 frame_364.jpg

365 0.807761549949646 0.5721453428268433 -0.11323917657136917 -0.0857202336192131 -0.3147745430469513 -1.7454949617385864 -4.409032821655273 1 frame_365.jpg

366 0.8141798377037048 0.5750934481620789 -0.062341976910829544 -0.04992236942052841 -0.30814364552497864 -1.8160302639007568 -4.428396701812744 1 frame_366.jpg

367 0.8176470994949341 0.5752233266830444 -0.016227271407842636 -0.017551977187395096 -0.2826783061027527 -1.8918039798736572 -4.447811126708984 1 frame_367.jpg

368 0.8185110092163086 0.5735323429107666 0.029725834727287292 0.01472436636686325 -0.2484503984451294 -1.9643043279647827 -4.467922687530518 1 frame_368.jpg

369 0.81717449426651 0.570252537727356 0.07140564173460007 0.044036004692316055 -0.2068023979663849 -2.03061580657959 -4.489321708679199 1 frame_369.jpg

370 0.8157743215560913 0.5667146444320679 0.09727609902620316 0.06232291832566261 -0.1631191521883011 -2.085571050643921 -4.512526512145996 1 frame_370.jpg

371 0.8135567307472229 0.5626222491264343 0.12291769683361053 0.08045469969511032 -0.11617714166641235 -2.1367812156677246 -4.536622047424316 1 frame_371.jpg

372 0.8105363845825195 0.5579870939254761 0.14830908179283142 0.09841588139533997 -0.06631597131490707 -2.1840720176696777 -4.561697483062744 1 frame_372.jpg

373 0.8091248869895935 0.5544546246528625 0.16182881593704224 0.10820545256137848 -0.02149171195924282 -2.224391460418701 -4.586698532104492 1 frame_373.jpg

374 0.808072030544281 0.551178514957428 0.17250408232212067 0.11603503674268723 0.022489942610263824 -2.2620818614959717 -4.61171293258667 1 frame_374.jpg

375 0.8068745732307434 0.5478169918060303 0.18309229612350464 0.12380294501781464 0.06720872968435287 -2.2980525493621826 -4.636940956115723 1 frame_375.jpg

376 0.8055353760719299 0.5443729758262634 0.19358974695205688 0.131506085395813 0.11258181929588318 -2.3322932720184326 -4.662385940551758 1 frame_376.jpg

377 0.8063119053840637 0.5422031283378601 0.19523189961910248 0.13326852023601532 0.15188510715961456 -2.367719888687134 -4.685290813446045 1 frame_377.jpg

378 0.8070797324180603 0.5400400161743164 0.1968509703874588 0.13500943779945374 0.19122342765331268 -2.4028563499450684 -4.7078351974487305 1 frame_378.jpg

379 0.8078376650810242 0.5378824472427368 0.1984533667564392 0.13673338294029236 0.23060211539268494 -2.437706708908081 -4.730026721954346 1 frame_379.jpg

380 0.8085857033729553 0.5357307195663452 0.20003949105739594 0.13844041526317596 0.27001091837882996 -2.47226881980896 -4.751865386962891 1 frame_380.jpg

381 0.8109412789344788 0.5342589616775513 0.19579769670963287 0.13639962673187256 0.30488961935043335 -2.513862371444702 -4.769848346710205 1 frame_381.jpg

382 0.8135172128677368 0.5328850746154785 0.19061528146266937 0.133750319480896 0.3385739326477051 -2.5571727752685547 -4.7864837646484375 1 frame_382.jpg

383 0.8160438537597656 0.5314967632293701 0.18545493483543396 0.13111081719398499 0.3717711269855499 -2.6010334491729736 -4.802330017089844 1 frame_383.jpg

384 0.8185217976570129 0.5300946831703186 0.18031719326972961 0.1284814029932022 0.4044654369354248 -2.6454198360443115 -4.817397117614746 1 frame_384.jpg

385 0.8219826817512512 0.5289046168327332 0.17134009301662445 0.12347852438688278 0.43285131454467773 -2.6983630657196045 -4.82822322845459 1 frame_385.jpg

386 0.8261844515800476 0.5278260707855225 0.1589791178703308 0.11638093739748001 0.456420361995697 -2.759326696395874 -4.8348846435546875 1 frame_386.jpg

387 0.8301794528961182 0.526637852191925 0.14665678143501282 0.10929989069700241 0.47820937633514404 -2.821260929107666 -4.840383052825928 1 frame_387.jpg

388 0.8339686393737793 0.5253427624702454 0.13438110053539276 0.10224027186632156 0.49816960096359253 -2.884063720703125 -4.844753265380859 1 frame_388.jpg

389 0.8378448486328125 0.5239511728286743 0.12077127397060394 0.09436941891908646 0.5141359567642212 -2.950941801071167 -4.846532344818115 1 frame_389.jpg

390 0.8428663611412048 0.5223764181137085 0.09982436150312424 0.08206279575824738 0.5153261423110962 -3.0358898639678955 -4.83915376663208 1 frame_390.jpg

391 0.8473396301269531 0.5204921364784241 0.07895205914974213 0.06978565454483032 0.5120037794113159 -3.1210081577301025 -4.830702781677246 1 frame_391.jpg

392 0.8512718081474304 0.5183058977127075 0.05816905200481415 0.05754686892032623 0.5041595101356506 -3.2060461044311523 -4.82131814956665 1 frame_392.jpg

393 0.8546700477600098 0.5158257484436035 0.037491925060749054 0.04535661265254021 0.4918058216571808 -3.2907447814941406 -4.8111348152160645 1 frame_393.jpg

394 0.8579896092414856 0.5127032399177551 0.010775669477880001 0.029548853635787964 0.4567616283893585 -3.386394739151001 -4.794108867645264 1 frame_394.jpg

395 0.8605045676231384 0.5089865326881409 -0.01723814383149147 0.012942131608724594 0.4104866683483124 -3.4819796085357666 -4.775938034057617 1 frame_395.jpg

396 0.8620818853378296 0.5047507882118225 -0.045041803270578384 -0.0035647694021463394 0.35736384987831116 -3.5741097927093506 -4.758464813232422 1 frame_396.jpg

397 0.862738847732544 0.5000127553939819 -0.07260117679834366 -0.019951168447732925 0.2977295517921448 -3.6623597145080566 -4.7419586181640625 1 frame_397.jpg

398 0.8624144792556763 0.49490708112716675 -0.09997625648975372 -0.036235250532627106 0.22775733470916748 -3.7438433170318604 -4.72745418548584 1 frame_398.jpg

399 0.8610579371452332 0.48953527212142944 -0.12722015380859375 -0.05243523418903351 0.14497825503349304 -3.8153908252716064 -4.7164154052734375 1 frame_399.jpg

400 0.8588297963142395 0.48370182514190674 -0.1541326493024826 -0.06846185773611069 0.057688504457473755 -3.880803108215332 -4.707932949066162 1 frame_400.jpg

401 0.8557522296905518 0.4774244725704193 -0.18068696558475494 -0.08429878205060959 -0.03354045748710632 -3.9398961067199707 -4.70217227935791 1 frame_401.jpg

402 0.8518476486206055 0.4707200825214386 -0.20686157047748566 -0.09993255883455276 -0.12814286351203918 -3.9925382137298584 -4.699275016784668 1 frame_402.jpg

403 0.8485355973243713 0.46484601497650146 -0.22666719555854797 -0.11192623525857925 -0.2135941982269287 -4.035273551940918 -4.699827671051025 1 frame_403.jpg

404 0.8471114635467529 0.46078935265541077 -0.23678170144557953 -0.11836296319961548 -0.28106996417045593 -4.069047927856445 -4.7025909423828125 1 frame_404.jpg

405 0.8455626964569092 0.45669102668762207 -0.2467781901359558 -0.12472975254058838 -0.34884393215179443 -4.100541591644287 -4.706127643585205 1 frame_405.jpg

406 0.8438932299613953 0.45255380868911743 -0.2566547989845276 -0.13102534413337708 -0.41682302951812744 -4.12978458404541 -4.7104411125183105 1 frame_406.jpg

407 0.8421059846878052 0.44837912917137146 -0.266413152217865 -0.13725057244300842 -0.48493704199790955 -4.15681791305542 -4.715532302856445 1 frame_407.jpg

408 0.840205192565918 0.44417130947113037 -0.2760486304759979 -0.14340244233608246 -0.5530763864517212 -4.181665897369385 -4.721401214599609 1 frame_408.jpg

409 0.8392125368118286 0.4404490292072296 -0.28257352113723755 -0.14791636168956757 -0.6158224940299988 -4.208189010620117 -4.725271701812744 1 frame_409.jpg

410 0.8444631695747375 0.43992581963539124 -0.27023789286613464 -0.14254383742809296 -0.6439202427864075 -4.25823974609375 -4.711292743682861 1 frame_410.jpg

411 0.8494951725006104 0.43931639194488525 -0.2579509913921356 -0.13718733191490173 -0.6705011129379272 -4.309033393859863 -4.696084022521973 1 frame_411.jpg

412 0.8543105721473694 0.43862324953079224 -0.24572040140628815 -0.131850466132164 -0.6955203413963318 -4.360488414764404 -4.679698944091797 1 frame_412.jpg

413 0.8589134216308594 0.43784892559051514 -0.23354901373386383 -0.12653443217277527 -0.7189418077468872 -4.412544250488281 -4.6621880531311035 1 frame_413.jpg

414 0.86330646276474 0.43699607253074646 -0.22144261002540588 -0.12124207615852356 -0.74073326587677 -4.465124130249023 -4.643607139587402 1 frame_414.jpg

415 0.8689185976982117 0.436703085899353 -0.20365625619888306 -0.11311537027359009 -0.7473780512809753 -4.529086589813232 -4.6174163818359375 1 frame_415.jpg

416 0.8764768242835999 0.43726757168769836 -0.17510512471199036 -0.09961771219968796 -0.7237539291381836 -4.613053321838379 -4.578463554382324 1 frame_416.jpg

417 0.8830518126487732 0.4373720586299896 -0.14664332568645477 -0.08614476770162582 -0.6938191056251526 -4.695681095123291 -4.539713382720947 1 frame_417.jpg

418 0.8886632919311523 0.4370294213294983 -0.11830347776412964 -0.0727124884724617 -0.6577132940292358 -4.77662467956543 -4.501460552215576 1 frame_418.jpg

419 0.8933311104774475 0.4362528920173645 -0.09012162685394287 -0.05933842062950134 -0.615615963935852 -4.855541706085205 -4.463996887207031 1 frame_419.jpg

420 0.8969640731811523 0.43525823950767517 -0.06229633092880249 -0.04609718918800354 -0.5647608637809753 -4.93093204498291 -4.429708480834961 1 frame_420.jpg

421 0.8994436264038086 0.4343656599521637 -0.035106901079416275 -0.033092811703681946 -0.5013282299041748 -5.000208854675293 -4.402516841888428 1 frame_421.jpg

422 0.9010871052742004 0.43309083580970764 -0.008165392093360424 -0.020192191004753113 -0.4332302212715149 -5.06578254699707 -4.377685070037842 1 frame_422.jpg

423 0.9019182324409485 0.4314466118812561 0.018508300185203552 -0.00740554416552186 -0.36083340644836426 -5.127468109130859 -4.355386257171631 1 frame_423.jpg

424 0.9019608497619629 0.4294470548629761 0.044881273061037064 0.005251068621873856 -0.28454944491386414 -5.185075283050537 -4.335787296295166 1 frame_424.jpg

425 0.9012081623077393 0.4276260435581207 0.0684528574347496 0.01655374839901924 -0.21025128662586212 -5.2331862449646 -4.324498176574707 1 frame_425.jpg

426 0.8998976945877075 0.4265691936016083 0.08704137802124023 0.02543031983077526 -0.14452804625034332 -5.267960071563721 -4.325882911682129 1 frame_426.jpg

427 0.8982236385345459 0.42534464597702026 0.10538832098245621 0.034198254346847534 -0.07782675325870514 -5.299925327301025 -4.329209804534912 1 frame_427.jpg

428 0.8961995840072632 0.42395922541618347 0.12348494678735733 0.042853280901908875 -0.01035529375076294 -5.32908821105957 -4.334475040435791 1 frame_428.jpg

429 0.8938390612602234 0.42241963744163513 0.14132344722747803 0.05139122158288956 0.057680174708366394 -5.355462074279785 -4.341662406921387 1 frame_429.jpg

430 0.8912001252174377 0.42084258794784546 0.15844333171844482 0.05957804247736931 0.12453684210777283 -5.3784050941467285 -4.3514814376831055 1 frame_430.jpg

431 0.8890320062637329 0.42081183195114136 0.16856861114501953 0.06421994417905807 0.1680644005537033 -5.38939094543457 -4.373419284820557 1 frame_431.jpg

432 0.886777400970459 0.42072829604148865 0.17855092883110046 0.06879790127277374 0.21115855872631073 -5.399175643920898 -4.396033763885498 1 frame_432.jpg

433 0.884441077709198 0.42059385776519775 0.1883886605501175 0.0733112320303917 0.2537726163864136 -5.407790184020996 -4.419288158416748 1 frame_433.jpg

434 0.882027804851532 0.4204104244709015 0.198079913854599 0.07775883376598358 0.2958577573299408 -5.415266990661621 -4.443144798278809 1 frame_434.jpg

435 0.8795415759086609 0.4201800525188446 0.20762509107589722 0.08214101940393448 0.3373807966709137 -5.421638488769531 -4.467573642730713 1 frame_435.jpg

436 0.8771780133247375 0.42030131816864014 0.21575208008289337 0.08577034622430801 0.3726884424686432 -5.425391674041748 -4.49459171295166 1 frame_436.jpg

437 0.8754041194915771 0.42165955901145935 0.2197130173444748 0.08716078102588654 0.3894978165626526 -5.423578262329102 -4.5282883644104 1 frame_437.jpg

438 0.8736343383789062 0.42299047112464905 0.22361667454242706 0.08853081613779068 0.4058707356452942 -5.4214396476745605 -4.561824321746826 1 frame_438.jpg

439 0.8718702793121338 0.42429372668266296 0.22746138274669647 0.08987990766763687 0.42180365324020386 -5.418989658355713 -4.5951690673828125 1 frame_439.jpg

440 0.870112419128418 0.4255701005458832 0.23124778270721436 0.09120842814445496 0.4373035728931427 -5.4162397384643555 -4.62831449508667 1 frame_440.jpg

441 0.8683621883392334 0.4268193542957306 0.2349749058485031 0.09251585602760315 0.45236799120903015 -5.413207054138184 -4.6612348556518555 1 frame_441.jpg

442 0.8666200637817383 0.42804205417633057 0.2386435568332672 0.09380257874727249 0.4670045077800751 -5.4099040031433105 -4.693923473358154 1 frame_442.jpg

443 0.8654123544692993 0.4308207631111145 0.2384202778339386 0.09279405325651169 0.4593294858932495 -5.4006853103637695 -4.73519229888916 1 frame_443.jpg

444 0.8643012046813965 0.43382105231285095 0.2375430166721344 0.09141159802675247 0.447966068983078 -5.390356063842773 -4.777377128601074 1 frame_444.jpg

445 0.8631961941719055 0.43676960468292236 0.2366763800382614 0.09004941582679749 0.4367210566997528 -5.379908084869385 -4.818937301635742 1 frame_445.jpg

446 0.862098217010498 0.4396663010120392 0.23582032322883606 0.08870750665664673 0.4255986511707306 -5.369357109069824 -4.859866142272949 1 frame_446.jpg

447 0.8610076904296875 0.4425108730792999 0.23497553169727325 0.08738627284765244 0.4146038293838501 -5.358714580535889 -4.900152683258057 1 frame_447.jpg

448 0.859925389289856 0.44530344009399414 0.23414187133312225 0.08608591556549072 0.4037427008152008 -5.347992420196533 -4.939794063568115 1 frame_448.jpg

449 0.8588528037071228 0.4480513632297516 0.23330524563789368 0.08479705452919006 0.39291858673095703 -5.3371710777282715 -4.978834629058838 1 frame_449.jpg

450 0.8581913113594055 0.45332303643226624 0.22714003920555115 0.08008333295583725 0.3462878465652466 -5.314460754394531 -5.033756256103516 1 frame_450.jpg

451 0.857467532157898 0.45846307277679443 0.2210635095834732 0.07544555515050888 0.3009564280509949 -5.291069507598877 -5.0878071784973145 1 frame_451.jpg

452 0.8566855192184448 0.46347227692604065 0.21507830917835236 0.0708853080868721 0.25692206621170044 -5.267065048217773 -5.140964031219482 1 frame_452.jpg

453 0.8558493256568909 0.46835219860076904 0.20918597280979156 0.06640316545963287 0.21417167782783508 -5.242507457733154 -5.193211555480957 1 frame_453.jpg

454 0.8549630045890808 0.47310376167297363 0.20338891446590424 0.062000662088394165 0.1727009415626526 -5.217461109161377 -5.244528293609619 1 frame_454.jpg

455 0.8540303707122803 0.4777282178401947 0.19768916070461273 0.057678911834955215 0.13250049948692322 -5.191986560821533 -5.294898509979248 1 frame_455.jpg

456 0.8530554175376892 0.48222723603248596 0.1920878142118454 0.05343831703066826 0.0935533419251442 -5.166142463684082 -5.344310283660889 1 frame_456.jpg

457 0.8519676327705383 0.489544540643692 0.18020091950893402 0.04499956592917442 0.01299673318862915 -5.119143486022949 -5.414480209350586 1 frame_457.jpg

458 0.8506335020065308 0.4972107708454132 0.16710403561592102 0.03578205406665802 -0.07321323454380035 -5.065210342407227 -5.488426685333252 1 frame_458.jpg

459 0.8490664958953857 0.504561722278595 0.15423373878002167 0.026749130338430405 -0.1553230732679367 -5.009031772613525 -5.56123161315918 1 frame_459.jpg

460 0.8472848534584045 0.511601448059082 0.14160366356372833 0.01790880225598812 -0.23333576321601868 -4.950909614562988 -5.6327691078186035 1 frame_460.jpg

461 0.8453050255775452 0.5183407664299011 0.1292150765657425 0.009260296821594238 -0.3073430359363556 -4.891088485717773 -5.702989101409912 1 frame_461.jpg

462 0.8431445956230164 0.5247847437858582 0.11707937717437744 0.0008099371916614473 -0.37738338112831116 -4.829851150512695 -5.771786212921143 1 frame_462.jpg

463 0.8408203721046448 0.5309407114982605 0.10520341992378235 -0.007438854314386845 -0.4435276985168457 -4.767456531524658 -5.839087009429932 1 frame_463.jpg

464 0.8380168676376343 0.5377309322357178 0.0909692794084549 -0.01725713349878788 -0.5210736989974976 -4.692297458648682 -5.913311958312988 1 frame_464.jpg

465 0.8341788649559021 0.5459722876548767 0.07162891328334808 -0.03048292174935341 -0.6235039234161377 -4.589624404907227 -6.003608226776123 1 frame_465.jpg

466 0.8299366235733032 0.5536636710166931 0.05275864899158478 -0.04333892837166786 -0.7174357771873474 -4.483898162841797 -6.0918869972229 1 frame_466.jpg

467 0.8253304958343506 0.5608317852020264 0.03436114639043808 -0.05582728609442711 -0.8031396865844727 -4.375739574432373 -6.177997589111328 1 frame_467.jpg

468 0.8204028606414795 0.5674967765808105 0.016453495249152184 -0.06794015318155289 -0.8808415532112122 -4.265824317932129 -6.2617411613464355 1 frame_468.jpg

469 0.8151962757110596 0.5736784338951111 -0.0009465693728998303 -0.07966911047697067 -0.9507972598075867 -4.154808521270752 -6.342936038970947 1 frame_469.jpg

470 0.809748649597168 0.5794009566307068 -0.017834367230534554 -0.09101447463035583 -1.013339877128601 -4.043238162994385 -6.421481609344482 1 frame_470.jpg

471 0.8041017651557922 0.5846828818321228 -0.03419094532728195 -0.10196709632873535 -1.0687729120254517 -3.9317281246185303 -6.497222423553467 1 frame_471.jpg

472 0.7982911467552185 0.5895481109619141 -0.05001449212431908 -0.11252909153699875 -1.117477297782898 -3.8207499980926514 -6.570102214813232 1 frame_472.jpg

473 0.7925597429275513 0.5936678647994995 -0.06554064899682999 -0.12293068319559097 -1.1662300825119019 -3.712583303451538 -6.6367268562316895 1 frame_473.jpg

474 0.7867454290390015 0.597381055355072 -0.08054898679256439 -0.13296377658843994 -1.2095286846160889 -3.6056694984436035 -6.700336456298828 1 frame_474.jpg

475 0.7808630466461182 0.6007490158081055 -0.09498649090528488 -0.14258728921413422 -1.2468976974487305 -3.50032901763916 -6.761232852935791 1 frame_475.jpg

476 0.7749433517456055 0.6037945747375488 -0.10885638743638992 -0.1518065184354782 -1.2787564992904663 -3.3969240188598633 -6.819399356842041 1 frame_476.jpg

477 0.7690191268920898 0.606538712978363 -0.1221531555056572 -0.16062068939208984 -1.3055009841918945 -3.295837163925171 -6.874805927276611 1 frame_477.jpg

478 0.763120174407959 0.6090021133422852 -0.13487716019153595 -0.16903294622898102 -1.3275444507598877 -3.197392225265503 -6.927448749542236 1 frame_478.jpg

479 0.7572734355926514 0.6112058758735657 -0.14703162014484406 -0.17704817652702332 -1.3452978134155273 -3.101850748062134 -6.977351665496826 1 frame_479.jpg

480 0.7515126466751099 0.6131670475006104 -0.1586041897535324 -0.184660866856575 -1.359147548675537 -3.0095810890197754 -7.024477481842041 1 frame_480.jpg

481 0.7458586692810059 0.6149066090583801 -0.16960643231868744 -0.19188128411769867 -1.3695060014724731 -2.920728921890259 -7.068899631500244 1 frame_481.jpg

482 0.7403378486633301 0.6164421439170837 -0.1800364851951599 -0.19871066510677338 -1.3767567873001099 -2.8355259895324707 -7.11063814163208 1 frame_482.jpg

483 0.7349791526794434 0.6177897453308105 -0.1898859739303589 -0.20514583587646484 -1.381272554397583 -2.7542366981506348 -7.149694919586182 1 frame_483.jpg

484 0.7298005819320679 0.6189674139022827 -0.1991652548313141 -0.21119585633277893 -1.3834257125854492 -2.6769509315490723 -7.186152458190918 1 frame_484.jpg

485 0.724829912185669 0.6199896931648254 -0.20786449313163757 -0.21685658395290375 -1.3835687637329102 -2.6039042472839355 -7.220015525817871 1 frame_485.jpg

486 0.7209872007369995 0.6206684708595276 -0.21451683342456818 -0.2212028056383133 -1.3841361999511719 -2.547346591949463 -7.245903015136719 1 frame_486.jpg

487 0.7182822823524475 0.62105792760849 -0.21920444071292877 -0.22429239749908447 -1.3859574794769287 -2.506852388381958 -7.26430606842041 1 frame_487.jpg

488 0.7157471776008606 0.6213976740837097 -0.2235465794801712 -0.2271515429019928 -1.3871318101882935 -2.469153642654419 -7.281283378601074 1 frame_488.jpg

489 0.7133894562721252 0.6216923594474792 -0.2275419682264328 -0.22977995872497559 -1.3877729177474976 -2.4343090057373047 -7.296844959259033 1 frame_489.jpg

490 0.7112132906913757 0.6219465136528015 -0.23119370639324188 -0.23218028247356415 -1.3879878520965576 -2.4023337364196777 -7.311014652252197 1 frame_490.jpg

491 0.7092269659042358 0.6221640110015869 -0.23449748754501343 -0.23435021936893463 -1.3878746032714844 -2.373300313949585 -7.32379150390625 1 frame_491.jpg

492 0.7074322700500488 0.6223488450050354 -0.23745888471603394 -0.23629401624202728 -1.3875247240066528 -2.3471920490264893 -7.335206508636475 1 frame_492.jpg

493 0.7058364748954773 0.6225040555000305 -0.24007359147071838 -0.23800909519195557 -1.3870168924331665 -2.3240771293640137 -7.345256328582764 1 frame_493.jpg

494 0.7044438719749451 0.6226325035095215 -0.24234139919281006 -0.2394959032535553 -1.3864275217056274 -2.3039815425872803 -7.353949069976807 1 frame_494.jpg

495 0.703260064125061 0.6227366924285889 -0.2442590892314911 -0.24075250327587128 -1.3858184814453125 -2.2869551181793213 -7.3612823486328125 1 frame_495.jpg

496 0.7022850513458252 0.622819185256958 -0.2458317130804062 -0.24178268015384674 -1.3852450847625732 -2.2729671001434326 -7.367287635803223 1 frame_496.jpg

497 0.7015217542648315 0.6228814721107483 -0.2470584511756897 -0.24258598685264587 -1.3847503662109375 -2.2620439529418945 -7.371960163116455 1 frame_497.jpg

498 0.7009744048118591 0.6229251027107239 -0.24793590605258942 -0.2431604117155075 -1.3843704462051392 -2.2542219161987305 -7.375301361083984 1 frame_498.jpg

499 0.700646698474884 0.6229507923126221 -0.24846024811267853 -0.2435036450624466 -1.3841334581375122 -2.2495439052581787 -7.377295017242432 1 frame_499.jpg

500 0.7005350589752197 0.6229594945907593 -0.24863877892494202 -0.24362048506736755 -1.3840510845184326 -2.247950315475464 -7.377974510192871 1 frame_500.jpg

