# Image list generated by blender-exporter-colmap
1 0.7071067690849304 0.7071067094802856 0.00026076717767864466 0.0002606828638818115 0.001126216142438352 1.3735001402892522e-07 -10.37415599822998 1 frame_1.jpg

2 0.7071067094802856 0.7071067690849304 0.0002759899653028697 0.00027594779385253787 0.0011274804128333926 2.1052958345535444e-06 -10.37343978881836 1 frame_2.jpg

3 0.7071067094802856 0.7071067094802856 0.0003014385001733899 0.00030131207313388586 0.001127321389503777 7.422443104587728e-07 -10.372247695922852 1 frame_3.jpg

4 0.7071067094802856 0.7071066498756409 0.00033691804856061935 0.00033679159241728485 0.0011288257082924247 -4.217499736114405e-07 -10.37058162689209 1 frame_4.jpg

5 0.7071067094802856 0.7071065902709961 0.00038241990841925144 0.00038233562372624874 0.001131374854594469 -1.3425849374471e-06 -10.36844539642334 1 frame_5.jpg

6 0.7071066498756409 0.7071066498756409 0.0004379203892312944 0.00043787824688479304 0.0011343462392687798 1.5308596630347893e-06 -10.365839958190918 1 frame_6.jpg

7 0.7071065902709961 0.7071065902709961 0.0005033897468820214 0.0005033897468820214 0.001137740327976644 1.2759959417962818e-06 -10.362765312194824 1 frame_7.jpg

8 0.7071065902709961 0.7071064710617065 0.0005788761773146689 0.0005787918344140053 0.0011397034395486116 -2.7813928227260476e-07 -10.359225273132324 1 frame_8.jpg

9 0.7071064710617065 0.7071064114570618 0.000664185150526464 0.0006641008076258004 0.001143319415859878 4.549481218418805e-07 -10.35522174835205 1 frame_9.jpg

10 0.707106351852417 0.707106351852417 0.0007592926849611104 0.000759250542614609 0.0011479700915515423 1.8309314100406482e-06 -10.350756645202637 1 frame_10.jpg

11 0.7071062922477722 0.7071061730384827 0.0008642622851766646 0.0008641780004836619 0.001151803880929947 4.7519233703496866e-07 -10.345830917358398 1 frame_11.jpg

12 0.7071061134338379 0.7071060538291931 0.0009789351606741548 0.0009788930183276534 0.0011572818038985133 1.749908165038505e-06 -10.340447425842285 1 frame_12.jpg

13 0.7071059346199036 0.7071058750152588 0.0011033894261345267 0.0011033471673727036 0.0011625547194853425 2.3042289285513107e-06 -10.33460807800293 1 frame_13.jpg

14 0.7071056962013245 0.7071056365966797 0.0012375205988064408 0.0012374361976981163 0.0011676240246742964 2.284833499288652e-06 -10.328313827514648 1 frame_14.jpg

15 0.7071053981781006 0.7071054577827454 0.0013812207616865635 0.0013811786193400621 0.0011743304785341024 5.334917204891099e-06 -10.321569442749023 1 frame_15.jpg

16 0.7071051597595215 0.7071050405502319 0.0015345894498750567 0.0015345050487667322 0.0011802189983427525 2.9222517241578316e-06 -10.314371109008789 1 frame_16.jpg

17 0.7071048021316528 0.7071046829223633 0.0016974530881270766 0.0016974109457805753 0.0011877389624714851 3.928809746867046e-06 -10.306727409362793 1 frame_17.jpg

18 0.7071043252944946 0.7071042656898499 0.0018699313513934612 0.0018698048079386353 0.0011938153766095638 5.0615749387361575e-06 -10.29863452911377 1 frame_18.jpg

19 0.7071037888526917 0.7071037888526917 0.002051758114248514 0.002051715971902013 0.0012027499033138156 6.525486242026091e-06 -10.290098190307617 1 frame_19.jpg

20 0.7071031928062439 0.7071031928062439 0.002243089722469449 0.0022430475801229477 0.0012108576484024525 6.792464319005376e-06 -10.281119346618652 1 frame_20.jpg

21 0.7071025967597961 0.7071025371551514 0.0024437943939119577 0.0024437522515654564 0.001219365862198174 7.815872777428012e-06 -10.271700859069824 1 frame_21.jpg

22 0.7071018218994141 0.7071017622947693 0.0026538576930761337 0.0026538153178989887 0.0012282627867534757 8.095059456536546e-06 -10.261841773986816 1 frame_22.jpg

23 0.7071000337600708 0.7071000337600708 0.003088277531787753 0.0030882353894412518 0.0011209046933799982 9.692897947388701e-06 -10.251546859741211 1 frame_23.jpg

24 0.7070973515510559 0.7070972919464111 0.0036581228487193584 0.0036579964216798544 0.000944326922763139 8.99545648280764e-06 -10.24081802368164 1 frame_24.jpg

25 0.7070939540863037 0.7070940136909485 0.004250843543559313 0.004250801634043455 0.0007631119806319475 9.459301509195939e-06 -10.229654312133789 1 frame_25.jpg

26 0.7070900797843933 0.7070900201797485 0.0048665497452020645 0.0048664226196706295 0.000572427932638675 7.469801403203746e-06 -10.218061447143555 1 frame_26.jpg

27 0.7070853114128113 0.707085371017456 0.0055049411021173 0.005504898726940155 0.0003771673946175724 6.40973485133145e-06 -10.206038475036621 1 frame_27.jpg

28 0.7070798873901367 0.7070798873901367 0.006166120525449514 0.006166036240756512 0.000173118882230483 2.7789005798695143e-06 -10.193589210510254 1 frame_28.jpg

29 0.7070736289024353 0.7070735692977905 0.006849907338619232 0.006849780213087797 -3.787816967815161e-05 -1.6782814782345667e-06 -10.180713653564453 1 frame_29.jpg

30 0.7070664167404175 0.7070663571357727 0.007556188851594925 0.007556104566901922 -0.0002545657043810934 -6.877685791550903e-06 -10.167412757873535 1 frame_30.jpg

31 0.7070581912994385 0.7070582509040833 0.00828480627387762 0.008284722454845905 -0.00047873370931483805 -1.1053921298298519e-05 -10.153692245483398 1 frame_31.jpg

32 0.7070490717887878 0.7070489525794983 0.009035743772983551 0.009035659953951836 -0.0007096870103850961 -2.085955384245608e-05 -10.139552116394043 1 frame_32.jpg

33 0.7070388197898865 0.7070387005805969 0.009808965027332306 0.009808838367462158 -0.00094809994334355 -2.7528853024705313e-05 -10.124994277954102 1 frame_33.jpg

34 0.7070272564888 0.7070273160934448 0.010604143142700195 0.010604058392345905 -0.0011920623946934938 -3.42778475896921e-05 -10.11002254486084 1 frame_34.jpg

35 0.7070145606994629 0.7070145606994629 0.01142146997153759 0.011421343311667442 -0.0014439229853451252 -4.587589137372561e-05 -10.094633102416992 1 frame_35.jpg

36 0.7069950699806213 0.7069951295852661 0.012567632831633091 0.012567590922117233 -0.002178638242185116 -7.629700849065557e-05 -10.078847885131836 1 frame_36.jpg

37 0.7069728374481201 0.7069728374481201 0.013763632625341415 0.013763547874987125 -0.002965237945318222 -0.00011488704330986366 -10.062654495239258 1 frame_37.jpg

38 0.7069478631019592 0.7069478631019592 0.014989731833338737 0.014989648014307022 -0.0037707784213125706 -0.0001605168217793107 -10.046052932739258 1 frame_38.jpg

39 0.7069200873374939 0.7069201469421387 0.016245635226368904 0.016245633363723755 -0.004594546277076006 -0.00021098676370456815 -10.029046058654785 1 frame_39.jpg

40 0.7068893909454346 0.7068894505500793 0.017531409859657288 0.017531324177980423 -0.005439909175038338 -0.00026907864958047867 -10.011636734008789 1 frame_40.jpg

41 0.7068555951118469 0.7068555951118469 0.018846817314624786 0.018846774473786354 -0.006302608177065849 -0.00033563346369192004 -9.99382495880127 1 frame_41.jpg

42 0.7068184614181519 0.7068184018135071 0.020191701129078865 0.020191572606563568 -0.007186010479927063 -0.00041174038778990507 -9.975611686706543 1 frame_42.jpg

43 0.706777811050415 0.7067778706550598 0.021565867587924004 0.02156578190624714 -0.00808647833764553 -0.0004930436844006181 -9.956999778747559 1 frame_43.jpg

44 0.7067355513572693 0.7067356109619141 0.0229094997048378 0.022909456863999367 -0.00930281262844801 -0.0006023799651302397 -9.93801212310791 1 frame_44.jpg

45 0.7066915035247803 0.7066914439201355 0.02423141896724701 0.024231331422924995 -0.01079231221228838 -0.000741798838134855 -9.918644905090332 1 frame_45.jpg

46 0.7066439986228943 0.7066438794136047 0.025580087676644325 0.02558000013232231 -0.012310359627008438 -0.000894145923666656 -9.898885726928711 1 frame_46.jpg

47 0.706592857837677 0.7065927982330322 0.026955468580126762 0.026955340057611465 -0.013857903890311718 -0.0010592567268759012 -9.878738403320312 1 frame_47.jpg

48 0.7065379619598389 0.7065379023551941 0.028357384726405144 0.028357340022921562 -0.01543231587857008 -0.0012417841935530305 -9.858201026916504 1 frame_48.jpg

49 0.7064791917800903 0.7064791321754456 0.02978583052754402 0.02978583052754402 -0.01703564077615738 -0.0014398273779079318 -9.837278366088867 1 frame_49.jpg

50 0.7064200639724731 0.7064201235771179 0.031155137345194817 0.031155094504356384 -0.018753431737422943 -0.001656719483435154 -9.81597900390625 1 frame_50.jpg

51 0.7063744068145752 0.7063742876052856 0.03217553347349167 0.03217548877000809 -0.020872317254543304 -0.0019074131269007921 -9.794330596923828 1 frame_51.jpg

52 0.7063263654708862 0.7063262462615967 0.03321385383605957 0.03321381285786629 -0.02302706241607666 -0.0021718675270676613 -9.772302627563477 1 frame_52.jpg

53 0.7062758803367615 0.7062758207321167 0.03427010029554367 0.03427005559206009 -0.025217512622475624 -0.0024534917902201414 -9.749897003173828 1 frame_53.jpg

54 0.7062229514122009 0.7062228918075562 0.03534410148859024 0.03534401208162308 -0.027443567290902138 -0.00275423564016819 -9.727116584777832 1 frame_54.jpg

55 0.7061712741851807 0.7061712145805359 0.036361318081617355 0.03636122867465019 -0.029720362275838852 -0.0030701495707035065 -9.703962326049805 1 frame_55.jpg

56 0.7061673402786255 0.706167459487915 0.036436423659324646 0.0364362932741642 -0.032244738191366196 -0.0033345422707498074 -9.680458068847656 1 frame_56.jpg

57 0.7061634659767151 0.7061634659767151 0.03651266545057297 0.036512620747089386 -0.03480668365955353 -0.003608755534514785 -9.656583786010742 1 frame_57.jpg

58 0.7061594724655151 0.7061594128608704 0.036590106785297394 0.03659006208181381 -0.03740924969315529 -0.003888126462697983 -9.632341384887695 1 frame_58.jpg

59 0.7061553001403809 0.7061554193496704 0.036668721586465836 0.036668676882982254 -0.040050994604825974 -0.004169339779764414 -9.607734680175781 1 frame_59.jpg

60 0.7062244415283203 0.7062243223190308 0.03531495854258537 0.03531487658619881 -0.0426003560423851 -0.004272324964404106 -9.582747459411621 1 frame_60.jpg

61 0.7063088417053223 0.7063088417053223 0.033583588898181915 0.033583544194698334 -0.04515427350997925 -0.004303006920963526 -9.557393074035645 1 frame_61.jpg

62 0.7063901424407959 0.7063901424407959 0.031827960163354874 0.031827833503484726 -0.04774722829461098 -0.004310457967221737 -9.5316801071167 1 frame_62.jpg

63 0.7064809799194336 0.7064809799194336 0.02974276803433895 0.02974272519350052 -0.050287190824747086 -0.004241547547280788 -9.505599975585938 1 frame_63.jpg

64 0.7066501975059509 0.7066501379013062 0.02540702559053898 0.025406980887055397 -0.05222020670771599 -0.00376117299310863 -9.479104042053223 1 frame_64.jpg

65 0.7067945599555969 0.7067945003509521 0.02101209945976734 0.021011972799897194 -0.054175667464733124 -0.0032244783360511065 -9.452254295349121 1 frame_65.jpg

66 0.7069128751754761 0.7069128751754761 0.016558457165956497 0.016558414325118065 -0.0561489537358284 -0.0026319469325244427 -9.425049781799316 1 frame_66.jpg

67 0.7070410847663879 0.7070411443710327 0.009637389332056046 0.009637262672185898 -0.056920699775218964 -0.0015508928336203098 -9.397439002990723 1 frame_67.jpg

68 0.7071033120155334 0.7071033120155334 0.0022063464857637882 0.0022063041105866432 -0.0574633963406086 -0.0003593168512452394 -9.369465827941895 1 frame_68.jpg

69 0.7070868015289307 0.7070868015289307 -0.005316987633705139 -0.005316987633705139 -0.05798768624663353 0.0008724190411157906 -9.341147422790527 1 frame_69.jpg

70 0.7069507837295532 0.7069506645202637 -0.014854298904538155 -0.014854381792247295 -0.0566822774708271 0.0023810428101569414 -9.312512397766113 1 frame_70.jpg

71 0.706669807434082 0.7066699266433716 -0.024853501468896866 -0.024853583425283432 -0.05499020218849182 0.0038743175100535154 -9.283539772033691 1 frame_71.jpg

72 0.70624178647995 0.7062416672706604 -0.03496552258729935 -0.03496560454368591 -0.05324011668562889 0.005282497499138117 -9.254223823547363 1 frame_72.jpg

73 0.7056088447570801 0.7056089043617249 -0.046001553535461426 -0.04600163921713829 -0.04888852313160896 0.006402980536222458 -9.224825859069824 1 frame_73.jpg

74 0.7047916054725647 0.7047916054725647 -0.05717300996184349 -0.05717313662171364 -0.044409070163965225 0.007251967675983906 -9.195094108581543 1 frame_74.jpg

75 0.7037949562072754 0.7037949562072754 -0.0683569386601448 -0.06835697591304779 -0.039565928280353546 0.007759183645248413 -9.165092468261719 1 frame_75.jpg

76 0.7026925086975098 0.7026925086975098 -0.07888777554035187 -0.07888781279325485 -0.03229880332946777 0.007345403544604778 -9.135234832763672 1 frame_76.jpg

77 0.7014179229736328 0.7014178037643433 -0.08951497822999954 -0.08951505273580551 -0.025021182373166084 0.006489666644483805 -9.105050086975098 1 frame_77.jpg

78 0.7001408934593201 0.7001408338546753 -0.09900881350040436 -0.0990089401602745 -0.01739133708178997 0.0050178165547549725 -9.074660301208496 1 frame_78.jpg

79 0.6997569799423218 0.6997570395469666 -0.10168648511171341 -0.1016865223646164 -0.007699335925281048 0.0022869957610964775 -9.044593811035156 1 frame_79.jpg

80 0.699358344078064 0.699358344078064 -0.10439317673444748 -0.10439322143793106 0.0020472866017371416 -0.0006246105767786503 -9.014216423034668 1 frame_80.jpg

81 0.6989444494247437 0.6989445090293884 -0.1071290522813797 -0.1071290522813797 0.011847247369587421 -0.0037179645150899887 -8.983528137207031 1 frame_81.jpg

82 0.7005802392959595 0.7005801796913147 -0.09585075080394745 -0.09585083276033401 0.020851923152804375 -0.005815454293042421 -8.952174186706543 1 frame_82.jpg

83 0.7020834684371948 0.70208340883255 -0.08413584530353546 -0.08413591980934143 0.030069127678871155 -0.0073126754723489285 -8.920504570007324 1 frame_83.jpg

84 0.703402578830719 0.7034025192260742 -0.07228321582078934 -0.07228325307369232 0.03949113190174103 -0.008203619159758091 -8.88852596282959 1 frame_84.jpg

85 0.7053031325340271 0.7053031325340271 -0.05047266557812691 -0.050472747534513474 0.044257860630750656 -0.006366966757923365 -8.855195999145508 1 frame_85.jpg

86 0.7065646052360535 0.7065646648406982 -0.027683941647410393 -0.027683941647410393 0.04861164093017578 -0.0038147014565765858 -8.821474075317383 1 frame_86.jpg

87 0.7070938348770142 0.7070938944816589 -0.004274296574294567 -0.0042743803933262825 0.050843823701143265 -0.0006139230681583285 -8.787370681762695 1 frame_87.jpg

88 0.7068219184875488 0.7068219184875488 0.020068582147359848 0.020068496465682983 0.04912382736802101 0.0027912785299122334 -8.752821922302246 1 frame_88.jpg

89 0.7057119607925415 0.705711841583252 0.04439247399568558 0.044392384588718414 0.04680337756872177 0.005909834988415241 -8.718006134033203 1 frame_89.jpg

90 0.7040099501609802 0.7040100693702698 0.06610517203807831 0.06610516458749771 0.039652254432439804 0.0075140465050935745 -8.683466911315918 1 frame_90.jpg

91 0.7016165852546692 0.7016165852546692 0.08794420212507248 0.0879441574215889 0.03244366496801376 0.008263401687145233 -8.648624420166016 1 frame_91.jpg

92 0.6995203495025635 0.6995202302932739 0.10330251604318619 0.10330238193273544 0.02178579941391945 0.006577237509191036 -8.614449501037598 1 frame_92.jpg

93 0.6971474885940552 0.6971474885940552 0.1182597354054451 0.11825969815254211 0.011159894987940788 0.003898128867149353 -8.580024719238281 1 frame_93.jpg

94 0.6960719227790833 0.6960719227790833 0.12443424761295319 0.12443424016237259 -0.0011293502757325768 -0.0004170458414591849 -8.546010971069336 1 frame_94.jpg

95 0.6953769326210022 0.6953769326210022 0.12826129794120789 0.12826120853424072 -0.013424042612314224 -0.005125823430716991 -8.51172924041748 1 frame_95.jpg

96 0.6963551044464111 0.6963551044464111 0.12283968925476074 0.12283960729837418 -0.0260890144854784 -0.009499662555754185 -8.477219581604004 1 frame_96.jpg

97 0.6983698606491089 0.6983698606491089 0.11081310361623764 0.11081305146217346 -0.03832985460758209 -0.012477950192987919 -8.442094802856445 1 frame_97.jpg

98 0.701238751411438 0.701238751411438 0.09090778231620789 0.09090770035982132 -0.05011560022830963 -0.013215767219662666 -8.406294822692871 1 frame_98.jpg

99 0.7047157287597656 0.7047156095504761 0.058101836591959 0.05810178816318512 -0.058807313442230225 -0.009764822199940681 -8.369253158569336 1 frame_99.jpg

100 0.7068414688110352 0.7068413496017456 0.019369859248399734 0.019369730725884438 -0.06481079757213593 -0.003556649200618267 -8.331560134887695 1 frame_100.jpg

101 0.7065255641937256 0.7065255641937256 -0.028663871809840202 -0.02866399846971035 -0.06416769325733185 0.005215026438236237 -8.293088912963867 1 frame_101.jpg

102 0.7029363512992859 0.7029364109039307 -0.07668420672416687 -0.07668428122997284 -0.05677497386932373 0.01253760140389204 -8.255086898803711 1 frame_102.jpg

103 0.6960495114326477 0.6960495710372925 -0.12455937266349792 -0.12455936521291733 -0.04549461975693703 0.016822125762701035 -8.217249870300293 1 frame_103.jpg

104 0.6915735006332397 0.6915735602378845 -0.1473977267742157 -0.14739775657653809 -0.028301652520895004 0.012639537453651428 -8.182110786437988 1 frame_104.jpg

105 0.6867632269859314 0.6867632865905762 -0.16839319467544556 -0.16839323937892914 -0.011328987777233124 0.005912456661462784 -8.146942138671875 1 frame_105.jpg

106 0.6888657808303833 0.6888658404350281 -0.15957404673099518 -0.15957409143447876 0.005287353880703449 -0.002588078146800399 -8.111693382263184 1 frame_106.jpg

107 0.691055417060852 0.691055417060852 -0.14980779588222504 -0.14980782568454742 0.022474044933915138 -0.010224955156445503 -8.076207160949707 1 frame_107.jpg

108 0.6931201815605164 0.6931201219558716 -0.13994453847408295 -0.13994456827640533 0.040204968303442 -0.016925577074289322 -8.04047966003418 1 frame_108.jpg

109 0.6965240836143494 0.6965240240097046 -0.1218779981136322 -0.12187802791595459 0.05507807806134224 -0.019884617999196053 -8.002840042114258 1 frame_109.jpg

110 0.7004905343055725 0.7004904747009277 -0.09650405496358871 -0.0965040847659111 0.06739278137683868 -0.018929190933704376 -7.963491916656494 1 frame_110.jpg

111 0.703549861907959 0.7035498023033142 -0.0708354189991951 -0.07083546370267868 0.0798821821808815 -0.01625058799982071 -7.923888683319092 1 frame_111.jpg

112 0.7057617902755737 0.705761730670929 -0.04359280690550804 -0.04359293356537819 0.08667249232530594 -0.010748769156634808 -7.883004188537598 1 frame_112.jpg

113 0.706938624382019 0.7069385051727295 -0.015423279255628586 -0.015423404052853584 0.09009309858083725 -0.003934146370738745 -7.8413238525390625 1 frame_113.jpg

114 0.7069957852363586 0.7069956660270691 0.012533110566437244 0.01253302488476038 0.09211130440235138 0.0032660106662660837 -7.79940938949585 1 frame_114.jpg

115 0.7061270475387573 0.7061269879341125 0.03721053898334503 0.037210412323474884 0.0864555761218071 0.009136377833783627 -7.75743293762207 1 frame_115.jpg

116 0.7043840289115906 0.7043840289115906 0.0619928278028965 0.06199277937412262 0.08041870594024658 0.014265342615544796 -7.715202331542969 1 frame_116.jpg

117 0.7024245858192444 0.7024245262145996 0.08123890310525894 0.0812387764453888 0.07016654312610626 0.01644984260201454 -7.673569679260254 1 frame_117.jpg

118 0.7002366781234741 0.700236439704895 0.0983298197388649 0.09832972288131714 0.05835854262113571 0.01671675778925419 -7.632025241851807 1 frame_118.jpg

119 0.6982009410858154 0.6982007622718811 0.11187306046485901 0.11187291890382767 0.04551922529935837 0.014969682320952415 -7.590672016143799 1 frame_119.jpg

120 0.6968628168106079 0.6968625783920288 0.11992667615413666 0.1199265867471695 0.031064346432685852 0.011016124859452248 -7.549745559692383 1 frame_120.jpg

121 0.6956044435501099 0.6956042647361755 0.12702199816703796 0.1270219087600708 0.01666964963078499 0.006296081002801657 -7.508622169494629 1 frame_121.jpg

122 0.6958392858505249 0.6958391070365906 0.1257290095090866 0.12572896480560303 0.0016552956076338887 0.0006159594049677253 -7.467579364776611 1 frame_122.jpg

123 0.6960728764533997 0.6960726976394653 0.12442927062511444 0.12442927062511444 -0.01348403561860323 -0.004982359707355499 -7.426309585571289 1 frame_123.jpg

124 0.6977574825286865 0.6977573037147522 0.11460640281438828 0.11460639536380768 -0.02766820788383484 -0.00934282410889864 -7.384294509887695 1 frame_124.jpg

125 0.6995255351066589 0.6995255351066589 0.10326692461967468 0.1032668724656105 -0.0420035719871521 -0.012677300721406937 -7.341964244842529 1 frame_125.jpg

126 0.7019898891448975 0.7019897103309631 0.08491349965333939 0.08491349220275879 -0.054072100669145584 -0.013277647085487843 -7.29855489730835 1 frame_126.jpg

127 0.7043120265007019 0.7043119072914124 0.06280652433633804 0.06280648708343506 -0.06497828662395477 -0.011682821437716484 -7.254474639892578 1 frame_127.jpg

128 0.706194281578064 0.7061941623687744 0.035912372171878815 0.03591232746839523 -0.07219547778367996 -0.007363345939666033 -7.209592342376709 1 frame_128.jpg

129 0.7070929408073425 0.7070928812026978 0.004426870495080948 0.0044267438352108 -0.07548044621944427 -0.0009460009168833494 -7.163938999176025 1 frame_129.jpg

130 0.7065365314483643 0.7065364718437195 -0.028392771258950233 -0.028392812237143517 -0.07451778650283813 0.005997892003506422 -7.118213176727295 1 frame_130.jpg

131 0.7042680382728577 0.7042680382728577 -0.0632971003651619 -0.06329713761806488 -0.06670022755861282 0.01208709366619587 -7.07253360748291 1 frame_131.jpg

132 0.7005634307861328 0.7005634307861328 -0.09597320109605789 -0.09597332775592804 -0.057282205671072006 0.015994518995285034 -7.026985168457031 1 frame_132.jpg

133 0.6979733109474182 0.697973370552063 -0.11328385025262833 -0.1132839247584343 -0.0399773046374321 0.013328867964446545 -6.983659744262695 1 frame_133.jpg

134 0.6949400901794434 0.6949400901794434 -0.13060735166072845 -0.13060738146305084 -0.023037893697619438 0.008976696990430355 -6.940126419067383 1 frame_134.jpg

135 0.6947343945503235 0.6947343945503235 -0.13169695436954498 -0.13169704377651215 -0.006232001818716526 0.00245033111423254 -6.896604537963867 1 frame_135.jpg

136 0.6963337659835815 0.6963338255882263 -0.12296029180288315 -0.1229604110121727 0.011027512140572071 -0.004019441548734903 -6.853012561798096 1 frame_136.jpg

137 0.6978299021720886 0.6978300213813782 -0.1141635924577713 -0.11416371166706085 0.028679614886641502 -0.009640988893806934 -6.8092169761657715 1 frame_137.jpg

138 0.6996591687202454 0.6996592283248901 -0.10235726088285446 -0.10235738754272461 0.04506378620862961 -0.01347305066883564 -6.764651298522949 1 frame_138.jpg

139 0.7026538252830505 0.7026538252830505 -0.07923122495412827 -0.07923126220703125 0.05553664639592171 -0.012686122208833694 -6.717709541320801 1 frame_139.jpg

140 0.7048924565315247 0.7048923969268799 -0.05591655522584915 -0.0559166744351387 0.06610417366027832 -0.01055467501282692 -6.670561790466309 1 frame_140.jpg

141 0.7063741087913513 0.7063742280006409 -0.032179754227399826 -0.032179877161979675 0.07388773560523987 -0.006744959391653538 -6.622896671295166 1 frame_141.jpg

142 0.7070649266242981 0.7070649862289429 -0.007689821533858776 -0.007689904887229204 0.07488653808832169 -0.0016287178732454777 -6.574289321899414 1 frame_142.jpg

143 0.7069044709205627 0.7069044709205627 0.016913656145334244 0.016913529485464096 0.07552918046712875 0.0036163709592074156 -6.525474548339844 1 frame_143.jpg

144 0.7060330510139465 0.7060330510139465 0.03895323723554611 0.03895319253206253 0.07023375481367111 0.007773837074637413 -6.476849555969238 1 frame_144.jpg

145 0.7045689821243286 0.7045689225196838 0.05985505133867264 0.05985492467880249 0.062225591391325 0.010649225674569607 -6.4282002449035645 1 frame_145.jpg

146 0.7026792168617249 0.7026793360710144 0.07900521904230118 0.07900500297546387 0.05275707691907883 0.012016255408525467 -6.3796706199646 1 frame_146.jpg

147 0.7009902596473694 0.7009903192520142 0.0928044468164444 0.09280431270599365 0.039245959371328354 0.010578163899481297 -6.331904411315918 1 frame_147.jpg

148 0.6990219354629517 0.6990219354629517 0.10662251710891724 0.10662238299846649 0.025896500796079636 0.00808856450021267 -6.283946514129639 1 frame_148.jpg

149 0.6980887651443481 0.6980887651443481 0.11257030069828033 0.11257017403841019 0.010268324054777622 0.003400014014914632 -6.236670017242432 1 frame_149.jpg

150 0.6972498297691345 0.6972498893737793 0.11765485256910324 0.1176547259092331 -0.005541488993912935 -0.0019240265246480703 -6.189308166503906 1 frame_150.jpg

151 0.6974157094955444 0.6974157094955444 0.1166677325963974 0.11666759103536606 -0.021451899781823158 -0.007383423857390881 -6.141790390014648 1 frame_151.jpg

152 0.6981982588768005 0.6981982588768005 0.11188925802707672 0.11188916862010956 -0.03763289377093315 -0.012379399500787258 -6.094110488891602 1 frame_152.jpg

153 0.699626088142395 0.6996262073516846 0.10258284211158752 0.10258270800113678 -0.053045108914375305 -0.015896374359726906 -6.045858860015869 1 frame_153.jpg

154 0.7017919421195984 0.7017918825149536 0.08653407543897629 0.08653398603200912 -0.06728758662939072 -0.016849998384714127 -5.9968461990356445 1 frame_154.jpg

155 0.7038928270339966 0.7038928270339966 0.06734159588813782 0.06734155118465424 -0.08017417043447495 -0.01548223476856947 -5.947281837463379 1 frame_155.jpg

156 0.7060050964355469 0.7060051560401917 0.03945600986480713 0.03945587947964668 -0.0885164737701416 -0.009924020618200302 -5.896483421325684 1 frame_156.jpg

157 0.7070352435112 0.7070351839065552 0.010059838183224201 0.010059711523354053 -0.09473326802253723 -0.0026968622114509344 -5.845427989959717 1 frame_157.jpg

158 0.7066274881362915 0.706627607345581 -0.02602951042354107 -0.02602963335812092 -0.09177006036043167 0.0067714205943048 -5.793807029724121 1 frame_158.jpg

159 0.7043713331222534 0.704371452331543 -0.06213638186454773 -0.062136415392160416 -0.08730208873748779 0.015524430200457573 -5.7421112060546875 1 frame_159.jpg

160 0.7003545165061951 0.7003546357154846 -0.09748579561710358 -0.09748587012290955 -0.07103661447763443 0.020167740061879158 -5.692222595214844 1 frame_160.jpg

161 0.6945427060127258 0.6945427060127258 -0.13270433247089386 -0.1327044516801834 -0.0548132099211216 0.021739769726991653 -5.642168998718262 1 frame_161.jpg

162 0.6906630992889404 0.6906631588935852 -0.15160608291625977 -0.15160620212554932 -0.03252536803483963 0.015002080239355564 -5.595457077026367 1 frame_162.jpg

163 0.687565267086029 0.6875653266906738 -0.16508767008781433 -0.16508778929710388 -0.008771105669438839 0.004469866398721933 -5.549767017364502 1 frame_163.jpg

164 0.6848753094673157 0.6848753094673157 -0.17591428756713867 -0.17591431736946106 0.014145564287900925 -0.007779753301292658 -5.503894805908203 1 frame_164.jpg

165 0.6897732615470886 0.6897732615470886 -0.15560461580753326 -0.1556047797203064 0.03739619255065918 -0.017777536064386368 -5.457428455352783 1 frame_165.jpg

166 0.6940812468528748 0.6940813660621643 -0.1350966840982437 -0.13509675860404968 0.0618753619492054 -0.025034766644239426 -5.410820960998535 1 frame_166.jpg

167 0.6999942064285278 0.6999942064285278 -0.1000404953956604 -0.10004062950611115 0.0812850296497345 -0.023718472570180893 -5.36128044128418 1 frame_167.jpg

168 0.705197811126709 0.7051977515220642 -0.051923807710409164 -0.05192393437027931 0.0950503945350647 -0.014073992148041725 -5.30914306640625 1 frame_168.jpg

169 0.7070975303649902 0.7070975303649902 -0.003615643596276641 -0.003615770023316145 0.10077113658189774 -0.0010307047050446272 -5.256382942199707 1 frame_169.jpg

170 0.7056992053985596 0.7056992053985596 0.04459407180547714 0.04459403082728386 0.09588652104139328 0.012166968546807766 -5.202857971191406 1 frame_170.jpg

171 0.7019235491752625 0.7019236087799072 0.08545927703380585 0.08545923233032227 0.08370719105005264 0.02068982645869255 -5.1504058837890625 1 frame_171.jpg

172 0.6969541311264038 0.696954071521759 0.11939430981874466 0.11939417570829391 0.06589113920927048 0.023257754743099213 -5.098952293395996 1 frame_172.jpg

173 0.6925414800643921 0.6925415396690369 0.14278054237365723 0.14278040826320648 0.04519493877887726 0.019463593140244484 -5.04904842376709 1 frame_173.jpg

174 0.6888779401779175 0.6888779997825623 0.15952156484127045 0.1595214307308197 0.023147787898778915 0.011328330263495445 -5.000082492828369 1 frame_174.jpg

175 0.6872522234916687 0.6872522234916687 0.16638632118701935 0.1663861721754074 0.0005831174785271287 0.00030022356077097356 -4.951808929443359 1 frame_175.jpg

176 0.6868213415145874 0.6868214011192322 0.16815590858459473 0.1681557595729828 -0.022494446486234665 -0.01171653252094984 -4.903834819793701 1 frame_176.jpg

177 0.6886159777641296 0.6886159777641296 0.16064892709255219 0.16064879298210144 -0.045264169573783875 -0.022334733977913857 -4.855226993560791 1 frame_177.jpg

178 0.6913427114486694 0.6913427710533142 0.14847628772258759 0.14847616851329803 -0.06853795796632767 -0.030862223356962204 -4.8062424659729 1 frame_178.jpg

179 0.6956892013549805 0.6956892013549805 0.12655645608901978 0.12655633687973022 -0.08999092131853104 -0.03386199474334717 -4.75548791885376 1 frame_179.jpg

180 0.7000256776809692 0.700025737285614 0.09981992095708847 0.09981979429721832 -0.11079341918230057 -0.03225239738821983 -4.703824520111084 1 frame_180.jpg

181 0.7041993141174316 0.7041993737220764 0.06405705213546753 0.06405692547559738 -0.12536855041980743 -0.022997818887233734 -4.650107383728027 1 frame_181.jpg

182 0.7066865563392639 0.7066865563392639 0.024375230073928833 0.024375103414058685 -0.13624092936515808 -0.009409317746758461 -4.595463752746582 1 frame_182.jpg

183 0.7068735957145691 0.7068735957145691 -0.018159151077270508 -0.01815914921462536 -0.13530661165714264 0.0069567980244755745 -4.540302753448486 1 frame_183.jpg

184 0.7044064998626709 0.7044064402580261 -0.061737507581710815 -0.061737626791000366 -0.12854553759098053 0.022706694900989532 -4.484867572784424 1 frame_184.jpg

185 0.6999525427818298 0.6999526619911194 -0.10033104568719864 -0.10033117234706879 -0.11197362095117569 0.03277439624071121 -4.431319236755371 1 frame_185.jpg

186 0.6939656734466553 0.6939656734466553 -0.13568945229053497 -0.13568952679634094 -0.09003224968910217 0.03660696744918823 -4.378916263580322 1 frame_186.jpg

187 0.6872420310974121 0.6872420310974121 -0.16642838716506958 -0.16642841696739197 -0.06729194521903992 0.03462258353829384 -4.327409267425537 1 frame_187.jpg

188 0.6847280859947205 0.6847281455993652 -0.1764863133430481 -0.17648643255233765 -0.039136745035648346 0.02161085233092308 -4.280571937561035 1 frame_188.jpg

189 0.6820611953735352 0.6820612549781799 -0.1865273416042328 -0.18652746081352234 -0.011768728494644165 0.006957322359085083 -4.233634948730469 1 frame_189.jpg

190 0.6808835864067078 0.6808835864067078 -0.19078128039836884 -0.19078141450881958 0.014535331167280674 -0.008839906193315983 -4.186339378356934 1 frame_190.jpg

191 0.6872525811195374 0.6872525811195374 -0.16638466715812683 -0.16638478636741638 0.04063820838928223 -0.02090255543589592 -4.137663841247559 1 frame_191.jpg

192 0.6927579641342163 0.6927579641342163 -0.1417265683412552 -0.14172668755054474 0.06846202164888382 -0.02923588640987873 -4.0888895988464355 1 frame_192.jpg

193 0.6992309093475342 0.6992309093475342 -0.10524319857358932 -0.10524328052997589 0.08998298645019531 -0.027715090662240982 -4.036492347717285 1 frame_193.jpg

194 0.7047191262245178 0.7047191262245178 -0.05805975943803787 -0.058059804141521454 0.10443633794784546 -0.01732615940272808 -3.9808783531188965 1 frame_194.jpg

195 0.7069951295852661 0.7069951295852661 -0.012565063312649727 -0.012565147131681442 0.11377397179603577 -0.004045430570840836 -3.924931764602661 1 frame_195.jpg

196 0.7066287994384766 0.706628680229187 0.02599683776497841 0.025996709242463112 0.10856206715106964 0.007998229935765266 -3.868102550506592 1 frame_196.jpg

197 0.7041542530059814 0.7041542530059814 0.06455076485872269 0.06455063819885254 0.10212699323892593 0.018883004784584045 -3.8111705780029297 1 frame_197.jpg

198 0.7016156315803528 0.7016156315803528 0.08795159310102463 0.08795154839754105 0.08537871390581131 0.02174699492752552 -3.7561886310577393 1 frame_198.jpg

199 0.6984270811080933 0.6984270215034485 0.1104520633816719 0.11045202612876892 0.06821933388710022 0.02213013544678688 -3.7012271881103516 1 frame_199.jpg

200 0.6958333849906921 0.6958334445953369 0.12576107680797577 0.12576106190681458 0.0488736592233181 0.018263109028339386 -3.6472902297973633 1 frame_200.jpg

201 0.6940985918045044 0.6940984725952148 0.1350083351135254 0.13500820100307465 0.027756324037909508 0.011221812106668949 -3.594214677810669 1 frame_201.jpg

202 0.6922376155853271 0.6922375559806824 0.14424674212932587 0.14424669742584229 0.007030102424323559 0.003062490839511156 -3.5410516262054443 1 frame_202.jpg

203 0.6922603845596313 0.6922603845596313 0.14413736760616302 0.14413727819919586 -0.014825430698692799 -0.006453302688896656 -3.4884705543518066 1 frame_203.jpg

204 0.6923329830169678 0.6923330426216125 0.14378808438777924 0.14378800988197327 -0.036768026649951935 -0.015960467979311943 -3.435824394226074 1 frame_204.jpg

205 0.6928547620773315 0.6928547024726868 0.14125272631645203 0.14125262200832367 -0.058438509702682495 -0.024861298501491547 -3.3828721046447754 1 frame_205.jpg

206 0.6944631338119507 0.6944630742073059 0.13312016427516937 0.1331200748682022 -0.07955576479434967 -0.031663600355386734 -3.329258441925049 1 frame_206.jpg

207 0.6959781646728516 0.6959782242774963 0.12495747953653336 0.12495743483304977 -0.10104406625032425 -0.03749149665236473 -3.2755675315856934 1 frame_207.jpg

208 0.6979929804801941 0.6979929804801941 0.1131628006696701 0.11316275596618652 -0.12078375369310379 -0.0402214489877224 -3.220851421356201 1 frame_208.jpg

209 0.7003051042556763 0.7003050446510315 0.0978407934308052 0.09784065932035446 -0.1387840211391449 -0.03955164551734924 -3.165144920349121 1 frame_209.jpg

210 0.7022832632064819 0.7022832632064819 0.08245129883289337 0.08245120942592621 -0.1569497436285019 -0.03736831620335579 -3.1093649864196777 1 frame_210.jpg

211 0.7043048739433289 0.7043048143386841 0.06288602203130722 0.06288593262434006 -0.1696724146604538 -0.030543392524123192 -3.0521700382232666 1 frame_211.jpg

212 0.7058939337730408 0.7058939337730408 0.04139759764075279 0.04139755293726921 -0.17955251038074493 -0.021132569760084152 -2.9943020343780518 1 frame_212.jpg

213 0.7068282961845398 0.706828236579895 0.01984374225139618 0.019843656569719315 -0.18889698386192322 -0.010615073144435883 -2.936361074447632 1 frame_213.jpg

214 0.7070951461791992 0.7070951461791992 -0.004055100958794355 -0.004055184777826071 -0.18819448351860046 0.00215857638977468 -2.877934694290161 1 frame_214.jpg

215 0.7065309286117554 0.7065309286117554 -0.028531251475214958 -0.028531378135085106 -0.18435323238372803 0.014913436025381088 -2.8193376064300537 1 frame_215.jpg

216 0.7051177024841309 0.7051177620887756 -0.0529998242855072 -0.05299995094537735 -0.17965878546237946 0.02716163732111454 -2.760676622390747 1 frame_216.jpg

217 0.7030060887336731 0.7030061483383179 -0.07604226469993591 -0.07604239135980606 -0.16471748054027557 0.036056362092494965 -2.7035980224609375 1 frame_217.jpg

218 0.7001982927322388 0.700198233127594 -0.09860215336084366 -0.09860218316316605 -0.1465674340724945 0.04211422801017761 -2.6469640731811523 1 frame_218.jpg

219 0.6966626644134521 0.6966625452041626 -0.12108325213193893 -0.12108337134122849 -0.12836551666259766 0.04601021111011505 -2.5902717113494873 1 frame_219.jpg

220 0.6934245228767395 0.6934245824813843 -0.1384282112121582 -0.13842833042144775 -0.10678306221961975 0.044403884559869766 -2.5353622436523438 1 frame_220.jpg

221 0.6914463043212891 0.6914462447166443 -0.14799335598945618 -0.14799346029758453 -0.08019903302192688 0.03597864508628845 -2.483227252960205 1 frame_221.jpg

222 0.6893340349197388 0.6893340349197388 -0.15753918886184692 -0.15753930807113647 -0.05415717139840126 0.02611815184354782 -2.4310436248779297 1 frame_222.jpg

223 0.6870878338813782 0.6870877742767334 -0.16706378757953644 -0.16706395149230957 -0.02871776558458805 0.014842414297163486 -2.3788111209869385 1 frame_223.jpg

224 0.6869680285453796 0.6869680881500244 -0.1675555408000946 -0.16755558550357819 -0.003877420909702778 0.002011173637583852 -2.3266072273254395 1 frame_224.jpg

225 0.6893227100372314 0.6893226504325867 -0.15758879482746124 -0.1575889140367508 0.021410441026091576 -0.01032959297299385 -2.2744405269622803 1 frame_225.jpg

226 0.6915343403816223 0.6915343403816223 -0.1475813239812851 -0.14758139848709106 0.047409433871507645 -0.02120106667280197 -2.222233295440674 1 frame_226.jpg

227 0.6936023235321045 0.6936023235321045 -0.13753479719161987 -0.137534961104393 0.07405578345060349 -0.030571172013878822 -2.169984817504883 1 frame_227.jpg

228 0.6979939341545105 0.6979939341545105 -0.11315661668777466 -0.1131567433476448 0.09381304681301117 -0.031238585710525513 -2.113868236541748 1 frame_228.jpg

229 0.7020168900489807 0.7020168304443359 -0.08468956500291824 -0.08468972891569138 0.11176931113004684 -0.027365630492568016 -2.0566654205322266 1 frame_229.jpg

230 0.7048807740211487 0.7048807740211487 -0.0560632050037384 -0.056063324213027954 0.1296246498823166 -0.020750919356942177 -1.999423861503601 1 frame_230.jpg

231 0.7067900896072388 0.706790030002594 -0.021161098033189774 -0.02116117998957634 0.13430441915988922 -0.00804954208433628 -1.9402309656143188 1 frame_231.jpg

232 0.7069505453109741 0.7069504261016846 0.014865973964333534 0.01486588828265667 0.13549238443374634 0.005700487643480301 -1.8806740045547485 1 frame_232.jpg

233 0.7053408622741699 0.7053408622741699 0.049943093210458755 0.04994296282529831 0.12989775836467743 0.01848818175494671 -1.8216652870178223 1 frame_233.jpg

234 0.7021756768226624 0.7021756172180176 0.0833628699183464 0.08336269855499268 0.1143592819571495 0.027541693300008774 -1.7635979652404785 1 frame_234.jpg

235 0.6976034045219421 0.6976033449172974 0.11554010957479477 0.1155400276184082 0.09751468151807785 0.03321246802806854 -1.7058433294296265 1 frame_235.jpg

236 0.6935580372810364 0.6935579180717468 0.13775816559791565 0.13775812089443207 0.07299339026212692 0.03018726408481598 -1.6511986255645752 1 frame_236.jpg

237 0.6888030767440796 0.6888030171394348 0.15984490513801575 0.1598447859287262 0.04933673143386841 0.02420162223279476 -1.5965313911437988 1 frame_237.jpg

238 0.6864440441131592 0.6864438652992249 0.16968998312950134 0.1696898490190506 0.02323358692228794 0.012233934365212917 -1.5441607236862183 1 frame_238.jpg

239 0.6843469142913818 0.6843467950820923 0.17795901000499725 0.1779588758945465 -0.0026556020602583885 -0.0014814933529123664 -1.4920705556869507 1 frame_239.jpg

240 0.6848557591438293 0.6848556995391846 0.17599032819271088 0.1759902387857437 -0.028582189232110977 -0.01572863571345806 -1.4401140213012695 1 frame_240.jpg

241 0.6864738464355469 0.6864737868309021 0.16956916451454163 0.16956910490989685 -0.0551656112074852 -0.029024513438344002 -1.3882083892822266 1 frame_241.jpg

242 0.6901238560676575 0.6901237964630127 0.15404252707958221 0.15404242277145386 -0.0809946209192276 -0.038053661584854126 -1.3349636793136597 1 frame_242.jpg

243 0.6948851943016052 0.6948851346969604 0.13089939951896667 0.1308993101119995 -0.10668554157018661 -0.04167265444993973 -1.2806187868118286 1 frame_243.jpg

244 0.6999976634979248 0.6999974846839905 0.10001702606678009 0.10001689940690994 -0.1292254477739334 -0.03769784793257713 -1.224519968032837 1 frame_244.jpg

245 0.7045528888702393 0.7045528888702393 0.06004383787512779 0.06004379317164421 -0.14675273001194 -0.02519620768725872 -1.166385293006897 1 frame_245.jpg

246 0.7068953514099121 0.7068952918052673 0.0172912385314703 0.017291195690631866 -0.1563355177640915 -0.007652891334146261 -1.1075575351715088 1 frame_246.jpg

247 0.7064984440803528 0.7064985632896423 -0.02932296320796013 -0.029323088005185127 -0.15381106734275818 0.012789922766387463 -1.0477142333984375 1 frame_247.jpg

248 0.7032589316368103 0.7032589316368103 -0.07366734743118286 -0.07366746664047241 -0.1449592262506485 0.03070632554590702 -0.9886112809181213 1 frame_248.jpg

249 0.6984091997146606 0.6984090805053711 -0.11056511104106903 -0.11056523025035858 -0.12232128530740738 0.039724741131067276 -0.9320053458213806 1 frame_249.jpg

250 0.6916245222091675 0.6916244029998779 -0.14715838432312012 -0.14715850353240967 -0.09959796071052551 0.04439293593168259 -0.8753969073295593 1 frame_250.jpg

251 0.6866822838783264 0.6866822838783264 -0.16872307658195496 -0.16872315108776093 -0.0715838149189949 0.037437643855810165 -0.8230382800102234 1 frame_251.jpg

252 0.6830713152885437 0.6830712556838989 -0.182793989777565 -0.18279410898685455 -0.041713107377290726 0.02404743991792202 -0.7728208303451538 1 frame_252.jpg

253 0.6791719794273376 0.6791719794273376 -0.19678784906864166 -0.19678789377212524 -0.013110865838825703 0.008294016122817993 -0.7226033806800842 1 frame_253.jpg

254 0.6775648593902588 0.6775647401809692 -0.2022521048784256 -0.2022521197795868 0.014731723815202713 -0.009655246511101723 -0.6727259755134583 1 frame_254.jpg

255 0.6798344254493713 0.6798344850540161 -0.19448664784431458 -0.1944868117570877 0.0437212772667408 -0.02724534273147583 -0.6233739256858826 1 frame_255.jpg

256 0.6820148229598999 0.6820148229598999 -0.18669693171977997 -0.1866970658302307 0.07350420951843262 -0.04350249469280243 -0.5740290284156799 1 frame_256.jpg

257 0.6841055750846863 0.6841054558753967 -0.1788843274116516 -0.17888444662094116 0.10403221100568771 -0.05839923769235611 -0.5246942043304443 1 frame_257.jpg

258 0.6902149319648743 0.6902148127555847 -0.15363405644893646 -0.15363410115242004 0.13148149847984314 -0.06158391758799553 -0.47093042731285095 1 frame_258.jpg

259 0.6961526274681091 0.6961525678634644 -0.12398196756839752 -0.12398207932710648 0.15876300632953644 -0.058402612805366516 -0.41611766815185547 1 frame_259.jpg

260 0.7011121511459351 0.7011120319366455 -0.0918792262673378 -0.09187934547662735 0.18476468324661255 -0.0492723248898983 -0.3607792258262634 1 frame_260.jpg

261 0.7057580947875977 0.7057580947875977 -0.04365239292383194 -0.04365243762731552 0.19820646941661835 -0.02461300604045391 -0.30159991979599 1 frame_261.jpg

262 0.7070901393890381 0.7070900201797485 0.004859346896409988 0.004859220236539841 0.20781679451465607 0.0028564196545630693 -0.24244460463523865 1 frame_262.jpg

263 0.7047533988952637 0.7047532200813293 0.05764332041144371 0.05764319375157356 0.19546331465244293 0.03219000622630119 -0.1834990680217743 1 frame_263.jpg

264 0.6989542245864868 0.6989541053771973 0.10706578940153122 0.10706570744514465 0.1773366779088974 0.05563422664999962 -0.1253131926059723 1 frame_264.jpg

265 0.692646861076355 0.6926466226577759 0.14226913452148438 0.14226913452148438 0.14904676377773285 0.06392510235309601 -0.07051946967840195 1 frame_265.jpg

266 0.6866423487663269 0.6866422295570374 0.16888567805290222 0.16888558864593506 0.1206098347902298 0.06315039843320847 -0.016955241560935974 1 frame_266.jpg

267 0.6836479306221008 0.683647871017456 0.18062548339366913 0.18062543869018555 0.09206523001194 0.052299633622169495 0.0344320647418499 1 frame_267.jpg

268 0.6828396320343018 0.6828394532203674 0.18365778028964996 0.18365764617919922 0.06530831754207611 0.037870462983846664 0.08570200949907303 1 frame_268.jpg

269 0.6848000884056091 0.6848000884056091 0.17620685696601868 0.1762067675590515 0.03936167433857918 0.021692655980587006 0.13683722913265228 1 frame_269.jpg

270 0.6881473660469055 0.6881473064422607 0.16264459490776062 0.16264449059963226 0.014822953380644321 0.007421433925628662 0.18909722566604614 1 frame_270.jpg

271 0.6928737759590149 0.6928736567497253 0.1411595642566681 0.14115943014621735 -0.008281811140477657 -0.003520604921504855 0.24281296133995056 1 frame_271.jpg

272 0.6972813606262207 0.6972813606262207 0.1174679771065712 0.11746788024902344 -0.02997058816254139 -0.010392999276518822 0.2975482642650604 1 frame_272.jpg

273 0.701526939868927 0.7015268802642822 0.08865667134523392 0.08865654468536377 -0.04618033766746521 -0.011861651204526424 0.35477516055107117 1 frame_273.jpg

274 0.7045807242393494 0.7045806050300598 0.05971682444214821 0.05971669778227806 -0.06271769851446152 -0.010708143934607506 0.41195887327194214 1 frame_274.jpg

275 0.7063797116279602 0.7063796520233154 0.032058361917734146 0.032058235257864 -0.06740665435791016 -0.006130941677838564 0.4710754156112671 1 frame_275.jpg

276 0.707092821598053 0.707092821598053 0.004440826829522848 0.004440742079168558 -0.07113541662693024 -0.0008935226942412555 0.5302463173866272 1 frame_276.jpg

277 0.7067819237709045 0.7067819237709045 -0.021431375294923782 -0.021431459113955498 -0.071414515376091 0.004334933124482632 0.589225709438324 1 frame_277.jpg

278 0.7058590054512024 0.7058590054512024 -0.04198872298002243 -0.04198884591460228 -0.062212493270635605 0.007427853066474199 0.6477235555648804 1 frame_278.jpg

279 0.7043400406837463 0.7043399810791016 -0.06249140575528145 -0.06249144300818443 -0.05293121933937073 0.009467018768191338 0.7061666250228882 1 frame_279.jpg

280 0.7022277116775513 0.7022278308868408 -0.08292239904403687 -0.08292251825332642 -0.04366115480661392 0.010457175783813 0.7645558714866638 1 frame_280.jpg

281 0.7014486193656921 0.7014485597610474 -0.08927401900291443 -0.08927410840988159 -0.0257217176258564 0.0066551691852509975 0.8205897212028503 1 frame_281.jpg

282 0.7007240056991577 0.7007240056991577 -0.09479375183582306 -0.09479384124279022 -0.007429588120430708 0.0020476412028074265 0.8764331340789795 1 frame_282.jpg

283 0.6999567747116089 0.6999568343162537 -0.1003018468618393 -0.10030197352170944 0.01068792026489973 -0.0031273753847926855 0.9322185516357422 1 frame_283.jpg

284 0.6991472244262695 0.6991471648216248 -0.10579797625541687 -0.10579801350831985 0.028617095202207565 -0.008863838389515877 0.9879444241523743 1 frame_284.jpg

285 0.7010605335235596 0.7010605931282043 -0.09227169305086136 -0.09227176755666733 0.04528073966503143 -0.012129629962146282 1.0441986322402954 1 frame_285.jpg

286 0.703321635723114 0.7033216953277588 -0.07306572794914246 -0.073065847158432 0.06186883524060249 -0.01299496740102768 1.100563883781433 1 frame_286.jpg

287 0.7053757309913635 0.7053757309913635 -0.04944811761379242 -0.04944824427366257 0.07302867621183395 -0.010289551690220833 1.1579114198684692 1 frame_287.jpg

288 0.7067890763282776 0.7067890167236328 -0.021196063607931137 -0.021196188405156136 0.07804757356643677 -0.004685371182858944 1.2162888050079346 1 frame_288.jpg

289 0.7070866823196411 0.7070867419242859 0.0053254105150699615 0.0053252833895385265 0.08065713942050934 0.0012149373069405556 1.274587869644165 1 frame_289.jpg

290 0.7066506147384644 0.7066506743431091 0.02539396844804287 0.025393841788172722 0.07569335401058197 0.005447125993669033 1.3327934741973877 1 frame_290.jpg

291 0.7056468725204468 0.7056468725204468 0.04541457071900368 0.04541444405913353 0.07053172588348389 0.009116441011428833 1.3909193277359009 1 frame_291.jpg

292 0.7046620845794678 0.7046620845794678 0.058748193085193634 0.058748066425323486 0.060089364647865295 0.010089496150612831 1.4482272863388062 1 frame_292.jpg

293 0.7035225033760071 0.7035225033760071 0.07110626995563507 0.07110613584518433 0.048978041857481 0.010002725757658482 1.5053515434265137 1 frame_293.jpg

294 0.7025080919265747 0.7025081515312195 0.0805128961801529 0.08051280677318573 0.036466971039772034 0.00846994947642088 1.5620322227478027 1 frame_294.jpg

295 0.7017969489097595 0.7017970085144043 0.08649270236492157 0.08649260550737381 0.02231850102543831 0.005586017854511738 1.618203043937683 1 frame_295.jpg

296 0.7010360360145569 0.7010361552238464 0.09245758503675461 0.09245745092630386 0.008303220383822918 0.0022286109160631895 1.6742925643920898 1 frame_296.jpg

297 0.7009690403938293 0.7009691596031189 0.09296396374702454 0.09296395629644394 -0.006763754412531853 -0.0018263880629092455 1.729967713356018 1 frame_297.jpg

298 0.7009135484695435 0.7009135484695435 0.0933820977807045 0.09338197112083435 -0.021816160529851913 -0.00591820664703846 1.7855541706085205 1 frame_298.jpg

299 0.7012099623680115 0.7012100219726562 0.09112919121980667 0.09112905710935593 -0.03649211674928665 -0.009648063220083714 1.8411670923233032 1 frame_299.jpg

300 0.701857328414917 0.7018573880195618 0.08600154519081116 0.08600141853094101 -0.05084748938679695 -0.012651287019252777 1.8968164920806885 1 frame_300.jpg

301 0.7024662494659424 0.7024662494659424 0.08087766915559769 0.0808776244521141 -0.06527187675237656 -0.015232029370963573 1.9523745775222778 1 frame_301.jpg

302 0.7036943435668945 0.7036944031715393 0.06938469409942627 0.06938455998897552 -0.07697457075119019 -0.01532868854701519 2.008568286895752 1 frame_302.jpg

303 0.7047351002693176 0.7047351002693176 0.05786539241671562 0.057865265756845474 -0.0887092649936676 -0.014666453003883362 2.064668655395508 1 frame_303.jpg

304 0.7058645486831665 0.7058644890785217 0.04189619794487953 0.041896067559719086 -0.09735437482595444 -0.011597534641623497 2.121163845062256 1 frame_304.jpg

305 0.7067480683326721 0.7067481279373169 0.02251899428665638 0.022518867626786232 -0.10343682020902634 -0.006598352920264006 2.17793345451355 1 frame_305.jpg

306 0.7071056962013245 0.7071056365966797 0.0012549498351290822 0.0012548232916742563 -0.10734523087739944 -0.00038081241655163467 2.23464035987854 1 frame_306.jpg

307 0.7065936923027039 0.7065936923027039 -0.026933349668979645 -0.026933515444397926 -0.10380334407091141 0.007924682460725307 2.2913835048675537 1 frame_307.jpg

308 0.7049626111984253 0.7049626111984253 -0.055024657398462296 -0.055024780333042145 -0.09964979439973831 0.015651382505893707 2.3480165004730225 1 frame_308.jpg

309 0.7014288306236267 0.7014288306236267 -0.08942948281764984 -0.08942954987287521 -0.08404872566461563 0.02178574912250042 2.4027767181396484 1 frame_309.jpg

310 0.6961418390274048 0.6961418986320496 -0.12404230237007141 -0.1240423321723938 -0.06755245476961136 0.02486293949186802 2.45729398727417 1 frame_310.jpg

311 0.6913332343101501 0.6923513412475586 -0.14622996747493744 -0.14603005349636078 -0.04624943062663078 0.01642593741416931 2.5083563327789307 1 frame_311.jpg

312 0.6871604323387146 0.6897585391998291 -0.16156792640686035 -0.16105760633945465 -0.023219682276248932 0.0008312081918120384 2.5574474334716797 1 frame_312.jpg

313 0.6844094395637512 0.6889639496803284 -0.1691695749759674 -0.16820845007896423 -0.002589188050478697 -0.01815441995859146 2.606590986251831 1 frame_313.jpg

314 0.6872693300247192 0.6950989961624146 -0.1501091867685318 -0.14820772409439087 0.015073602087795734 -0.040865425020456314 2.6562063694000244 1 frame_314.jpg

315 0.6895686388015747 0.7006597518920898 -0.13097018003463745 -0.12813206017017365 0.03433387354016304 -0.06158667802810669 2.7056806087493896 1 frame_315.jpg

316 0.6923975348472595 0.7062140703201294 -0.10639039427042007 -0.10260780155658722 0.048793479800224304 -0.07544194161891937 2.757715940475464 1 frame_316.jpg

317 0.6951218247413635 0.7111532688140869 -0.07671390473842621 -0.07198388874530792 0.058478325605392456 -0.08328479528427124 2.8121306896209717 1 frame_317.jpg

318 0.6965580582618713 0.7147696614265442 -0.046964578330516815 -0.04129806160926819 0.0688917264342308 -0.0896487757563591 2.866441011428833 1 frame_318.jpg

319 0.6974670886993408 0.7159504294395447 -0.02476445958018303 -0.018477333709597588 0.07187560945749283 -0.0884568840265274 2.9216043949127197 1 frame_319.jpg

320 0.6979849338531494 0.7160921096801758 -0.005141828674823046 0.0016566261183470488 0.07206778973340988 -0.08497775346040726 2.976961374282837 1 frame_320.jpg

321 0.6979514956474304 0.7156693339347839 0.014437781646847725 0.0217409860342741 0.07207023352384567 -0.08143465965986252 3.032184362411499 1 frame_321.jpg

322 0.6984169483184814 0.7142747044563293 0.02774234488606453 0.035436585545539856 0.06568543612957001 -0.07318833470344543 3.0869855880737305 1 frame_322.jpg

323 0.698941707611084 0.7125305533409119 0.03926529735326767 0.0473170280456543 0.05727267637848854 -0.06379634141921997 3.1415369510650635 1 frame_323.jpg

324 0.6992721557617188 0.710594117641449 0.05074756219983101 0.05915362387895584 0.04856504127383232 -0.054594725370407104 3.1959104537963867 1 frame_324.jpg

325 0.7001708745956421 0.7083170413970947 0.058886729180812836 0.06767641007900238 0.036274515092372894 -0.04194071143865585 3.2497169971466064 1 frame_325.jpg

326 0.7015010118484497 0.7058584094047546 0.0647505521774292 0.07394387573003769 0.02144704759120941 -0.026776615530252457 3.303025722503662 1 frame_326.jpg

327 0.7027705907821655 0.7033489942550659 0.07059358060359955 0.08018863946199417 0.006326393224298954 -0.011538246646523476 3.356095314025879 1 frame_327.jpg

328 0.70427405834198 0.7007111310958862 0.07545121014118195 0.08549315482378006 -0.010015771724283695 0.005649302154779434 3.408811092376709 1 frame_328.jpg

329 0.7067266702651978 0.6977869272232056 0.07706120610237122 0.08770611137151718 -0.02973104640841484 0.029505521059036255 3.460817337036133 1 frame_329.jpg

330 0.7091569304466248 0.6948556303977966 0.07866515219211578 0.0899108499288559 -0.049687571823596954 0.05389060452580452 3.512453317642212 1 frame_330.jpg

331 0.7115648984909058 0.6919172406196594 0.08026280999183655 0.09210754185914993 -0.06988947093486786 0.0787973552942276 3.5637123584747314 1 frame_331.jpg

332 0.7150943279266357 0.6884928345680237 0.07888848334550858 0.09162049740552902 -0.09275556355714798 0.11390188336372375 3.6141793727874756 1 frame_332.jpg

333 0.7189478874206543 0.6849050521850586 0.07658828794956207 0.09029541164636612 -0.11641248315572739 0.15309543907642365 3.6639015674591064 1 frame_333.jpg

334 0.7227647304534912 0.6813045144081116 0.07429245859384537 0.08897127211093903 -0.1400558352470398 0.19339296221733093 3.7129440307617188 1 frame_334.jpg

335 0.7271112203598022 0.6773636937141418 0.07070458680391312 0.08653662353754044 -0.16441687941551208 0.2405083328485489 3.7609763145446777 1 frame_335.jpg

336 0.7328137159347534 0.6725360751152039 0.0638246089220047 0.08127547055482864 -0.19012735784053802 0.30380746722221375 3.8071045875549316 1 frame_336.jpg

337 0.7384031414985657 0.6676358580589294 0.05695765092968941 0.07602003961801529 -0.2149716317653656 0.36894574761390686 3.8519062995910645 1 frame_337.jpg

338 0.7438794374465942 0.6626645922660828 0.050104886293411255 0.07077134400606155 -0.23889969289302826 0.43587106466293335 3.8953521251678467 1 frame_338.jpg

339 0.7516176700592041 0.6557095050811768 0.03760283440351486 0.06084336340427399 -0.2619076073169708 0.5338367819786072 3.933777332305908 1 frame_339.jpg

340 0.7593562006950378 0.6482698321342468 0.02437482960522175 0.0503019280731678 -0.2817196846008301 0.6381347179412842 3.969050407409668 1 frame_340.jpg

341 0.7667657136917114 0.6405960321426392 0.011181123554706573 0.03977535665035248 -0.2980671226978302 0.744708240032196 4.001540660858154 1 frame_341.jpg

342 0.7758964896202087 0.6303339004516602 -0.007794685661792755 0.02455795370042324 -0.3062264621257782 0.8842447400093079 4.024590015411377 1 frame_342.jpg

343 0.785430371761322 0.6181868314743042 -0.02998616360127926 0.006709363777190447 -0.30344337224960327 1.0428285598754883 4.038944244384766 1 frame_343.jpg

344 0.7941108345985413 0.6054370403289795 -0.05206872522830963 -0.011083610355854034 -0.2911606431007385 1.2022007703781128 4.047972202301025 1 frame_344.jpg

345 0.8032518625259399 0.589301347732544 -0.07992875576019287 -0.03349366784095764 -0.25660714507102966 1.3898167610168457 4.041254043579102 1 frame_345.jpg

346 0.8117918968200684 0.5700807571411133 -0.11181459575891495 -0.05915517359972 -0.1962698996067047 1.5936912298202515 4.019608497619629 1 frame_346.jpg

347 0.8185916543006897 0.5497276782989502 -0.14335206151008606 -0.08460132032632828 -0.11786267161369324 1.7906888723373413 3.9906628131866455 1 frame_347.jpg

348 0.8226478099822998 0.5339493155479431 -0.16596530377864838 -0.10297646373510361 -0.03542270511388779 1.9367213249206543 3.9707109928131104 1 frame_348.jpg

349 0.8253583908081055 0.5208119750022888 -0.18368440866470337 -0.11746685206890106 0.04781697317957878 2.053666591644287 3.956392765045166 1 frame_349.jpg

350 0.8274807333946228 0.5073612332344055 -0.2012062668800354 -0.1318189799785614 0.13699178397655487 2.165126323699951 3.9400815963745117 1 frame_350.jpg

351 0.8285369873046875 0.5081682205200195 -0.19659946858882904 -0.1289965808391571 0.16655269265174866 2.18892765045166 3.971168279647827 1 frame_351.jpg

352 0.8288482427597046 0.5169859528541565 -0.17940384149551392 -0.11640609055757523 0.16086538136005402 2.1648294925689697 4.029560089111328 1 frame_352.jpg

353 0.8287198543548584 0.5254955887794495 -0.1621808409690857 -0.10380349308252335 0.1563773900270462 2.14068865776062 4.087379455566406 1 frame_353.jpg

354 0.8269965648651123 0.5399056673049927 -0.1333266645669937 -0.0824781283736229 0.11970163881778717 2.0770680904388428 4.170578479766846 1 frame_354.jpg

355 0.8233622312545776 0.5556502938270569 -0.09994256496429443 -0.0577826164662838 0.07695339620113373 1.9934661388397217 4.262609958648682 1 frame_355.jpg

356 0.8181176781654358 0.5702351331710815 -0.06649525463581085 -0.03307204321026802 0.042020753026008606 1.9046236276626587 4.353259086608887 1 frame_356.jpg

357 0.8138293623924255 0.5794640183448792 -0.04115340858697891 -0.014477361924946308 0.015966687351465225 1.8518822193145752 4.427374839782715 1 frame_357.jpg

358 0.8090500831604004 0.5874859690666199 -0.016963832080364227 0.0032367310486733913 -0.00643393537029624 1.8015000820159912 4.499154567718506 1 frame_358.jpg

359 0.8034988641738892 0.594897449016571 0.007137510925531387 0.020870892331004143 -0.025394923985004425 1.7482209205627441 4.570571422576904 1 frame_359.jpg

360 0.8003742098808289 0.5982061624526978 0.0226216372102499 0.03222997859120369 -0.04299914091825485 1.7333076000213623 4.626276016235352 1 frame_360.jpg

361 0.7973242402076721 0.6008865833282471 0.03707534819841385 0.04283421114087105 -0.06008608639240265 1.7214412689208984 4.680372714996338 1 frame_361.jpg

362 0.7940203547477722 0.6033535003662109 0.05145146697759628 0.053376223891973495 -0.07648293673992157 1.708072543144226 4.734579086303711 1 frame_362.jpg

363 0.7925176620483398 0.6037933230400085 0.060843899846076965 0.06039338558912277 -0.09468285739421844 1.718092918395996 4.7795305252075195 1 frame_363.jpg

364 0.7918733954429626 0.6033215522766113 0.06792247295379639 0.06577348709106445 -0.11416130512952805 1.7388441562652588 4.82012939453125 1 frame_364.jpg

365 0.7911694049835205 0.6028040051460266 0.07496395707130432 0.07112421095371246 -0.1338895857334137 1.7589659690856934 4.860689640045166 1 frame_365.jpg

366 0.790942907333374 0.6018000245094299 0.08077935874462128 0.07563579082489014 -0.15458592772483826 1.7851941585540771 4.898611545562744 1 frame_366.jpg

367 0.792538046836853 0.5992512106895447 0.08246849477291107 0.07733392715454102 -0.1780695766210556 1.8345074653625488 4.927192211151123 1 frame_367.jpg

368 0.794116199016571 0.5967020988464355 0.08415054529905319 0.0790250301361084 -0.20179833471775055 1.8838413953781128 4.9552083015441895 1 frame_368.jpg

369 0.7956772446632385 0.594153106212616 0.08582527935504913 0.08070879429578781 -0.22576572000980377 1.9331809282302856 4.982656002044678 1 frame_369.jpg

370 0.7983666658401489 0.590625524520874 0.08509016782045364 0.08081980049610138 -0.2511245310306549 1.998544692993164 5.002946376800537 1 frame_370.jpg

371 0.8019365668296814 0.5863075852394104 0.08242484927177429 0.07966961711645126 -0.2771548926830292 2.0771090984344482 5.016751289367676 1 frame_371.jpg

372 0.8054570555686951 0.5819880962371826 0.07976950705051422 0.0785219594836235 -0.30277571082115173 2.1560165882110596 5.02921724319458 1 frame_372.jpg

373 0.8089276552200317 0.5776681900024414 0.07712487131357193 0.07737723737955093 -0.32797443866729736 2.235225200653076 5.040348529815674 1 frame_373.jpg

374 0.8137388229370117 0.5719890594482422 0.0715598464012146 0.0744096040725708 -0.352595716714859 2.3369967937469482 5.039741516113281 1 frame_374.jpg

375 0.8189671635627747 0.5657533407211304 0.06488990783691406 0.07074765115976334 -0.3755963146686554 2.447695016860962 5.0328450202941895 1 frame_375.jpg

376 0.8240665197372437 0.5594815611839294 0.05824785679578781 0.06709667295217514 -0.3968317210674286 2.558662176132202 5.023542881011963 1 frame_376.jpg

377 0.8290385007858276 0.5531747937202454 0.05163377523422241 0.06345681101083755 -0.4162864685058594 2.669828414916992 5.01186466217041 1 frame_377.jpg

378 0.8352136611938477 0.5452502965927124 0.0419527068734169 0.05796698480844498 -0.43051958084106445 2.8057425022125244 4.98393440246582 1 frame_378.jpg

379 0.8415423035621643 0.5367700457572937 0.031403303146362305 0.05194534361362457 -0.4400699734687805 2.9485371112823486 4.94840669631958 1 frame_379.jpg

380 0.8476192355155945 0.5281986594200134 0.02090432681143284 0.045943599194288254 -0.4456910490989685 3.0907089710235596 4.9093241691589355 1 frame_380.jpg

381 0.8534453511238098 0.5195425748825073 0.010460817255079746 0.03996488079428673 -0.4473751187324524 3.2320432662963867 4.866796493530273 1 frame_381.jpg

382 0.8598833084106445 0.5094472765922546 -0.002457835478708148 0.03252944350242615 -0.43798452615737915 3.3912596702575684 4.807199478149414 1 frame_382.jpg

383 0.86628657579422 0.4986780285835266 -0.01629597134888172 0.024542339146137238 -0.41973140835762024 3.5556795597076416 4.738048553466797 1 frame_383.jpg

384 0.8722975850105286 0.48776930570602417 -0.030044740065932274 0.016592983156442642 -0.39513373374938965 3.717362642288208 4.664825916290283 1 frame_384.jpg

385 0.8779205679893494 0.4767289161682129 -0.043699294328689575 0.008684317581355572 -0.3642580807209015 3.87601900100708 4.587759971618652 1 frame_385.jpg

386 0.8833382725715637 0.4651009440422058 -0.05826258286833763 0.0002545680326875299 -0.3211815059185028 4.036599636077881 4.501023292541504 1 frame_386.jpg

387 0.8884773254394531 0.4528867304325104 -0.07366587966680527 -0.008659743703901768 -0.265199214220047 4.197545051574707 4.405095100402832 1 frame_387.jpg

388 0.8931512832641602 0.4405269920825958 -0.08893812447786331 -0.01751488819718361 -0.20185065269470215 4.353246212005615 4.306035995483398 1 frame_388.jpg

389 0.897365391254425 0.4280335009098053 -0.10407058894634247 -0.026305390521883965 -0.13134703040122986 4.503384113311768 4.20419454574585 1 frame_389.jpg

390 0.9011085033416748 0.4155121147632599 -0.11888159811496735 -0.03493298962712288 -0.054398976266384125 4.646899223327637 4.10066556930542 1 frame_390.jpg

391 0.9037114977836609 0.4076715111732483 -0.12490219622850418 -0.038844428956508636 0.002565057948231697 4.747364044189453 4.032934665679932 1 frame_391.jpg

392 0.9061899781227112 0.3998347818851471 -0.1308678835630417 -0.042725320905447006 0.06138692796230316 4.845141410827637 3.964031219482422 1 frame_392.jpg

393 0.9085458517074585 0.3920036852359772 -0.13677829504013062 -0.04657517373561859 0.12200339138507843 4.940206527709961 3.8940370082855225 1 frame_393.jpg

394 0.9107808470726013 0.3841802775859833 -0.1426331251859665 -0.05039367452263832 0.18435195088386536 5.032533168792725 3.8230364322662354 1 frame_394.jpg

395 0.9128968119621277 0.37636691331863403 -0.14843131601810455 -0.054180074483156204 0.24836401641368866 5.122094631195068 3.7511167526245117 1 frame_395.jpg

396 0.9147446155548096 0.37719786167144775 -0.13620495796203613 -0.0491149015724659 0.2414982169866562 5.161483287811279 3.7487504482269287 1 frame_396.jpg

397 0.9164121747016907 0.3780212700366974 -0.12390251457691193 -0.04400894418358803 0.2327445149421692 5.200418949127197 3.7467424869537354 1 frame_397.jpg

398 0.9179039597511292 0.378771036863327 -0.11166562139987946 -0.038931455463171005 0.22266161441802979 5.239242076873779 3.7445900440216064 1 frame_398.jpg

399 0.9192230105400085 0.3794485330581665 -0.09949759393930435 -0.03388379514217377 0.2112623155117035 5.27790641784668 3.7423338890075684 1 frame_399.jpg

400 0.9192736744880676 0.3843340575695038 -0.0810013860464096 -0.025730382651090622 0.16592252254486084 5.288397312164307 3.7841432094573975 1 frame_400.jpg

401 0.9187261462211609 0.3896864056587219 -0.06159104034304619 -0.017128214240074158 0.11575865745544434 5.29264497756958 3.8341739177703857 1 frame_401.jpg

402 0.917746901512146 0.3948138356208801 -0.04229682683944702 -0.008582423441112041 0.06619646400213242 5.2950005531311035 3.885451555252075 1 frame_402.jpg

403 0.9163464307785034 0.3997177481651306 -0.023129506036639214 -9.755879727890715e-05 0.017335671931505203 5.295463562011719 3.9379427433013916 1 frame_403.jpg

404 0.9145261645317078 0.4044017791748047 -0.007298190146684647 0.006920849904417992 -0.026399260386824608 5.293859958648682 3.9928925037384033 1 frame_404.jpg

405 0.9124417901039124 0.40892985463142395 0.007055057678371668 0.013288196176290512 -0.06749235093593597 5.290553092956543 4.049269676208496 1 frame_405.jpg

406 0.9101298451423645 0.41331127285957336 0.021289648488163948 0.019600151106715202 -0.1077200174331665 5.285679817199707 4.106409072875977 1 frame_406.jpg

407 0.9075964093208313 0.4175484776496887 0.03540399670600891 0.025856174528598785 -0.14702939987182617 5.2792558670043945 4.164280414581299 1 frame_407.jpg

408 0.9049522876739502 0.42167583107948303 0.047682005912065506 0.031262390315532684 -0.18192970752716064 5.271403789520264 4.223045349121094 1 frame_408.jpg

409 0.9023418426513672 0.4257509112358093 0.05713842809200287 0.03536384552717209 -0.2105109989643097 5.262465000152588 4.282542705535889 1 frame_409.jpg

410 0.899638295173645 0.42973649501800537 0.06650650501251221 0.03942563757300377 -0.23826873302459717 5.252419948577881 4.342277526855469 1 frame_410.jpg

411 0.896844744682312 0.43363380432128906 0.07578571885824203 0.04344753548502922 -0.2651815116405487 5.241288661956787 4.402217864990234 1 frame_411.jpg

412 0.8939647674560547 0.43744343519210815 0.08497456461191177 0.04742905870079994 -0.29122936725616455 5.22909688949585 4.462324619293213 1 frame_412.jpg

413 0.8912985920906067 0.4414404034614563 0.09078681468963623 0.04974900931119919 -0.3077196478843689 5.215447425842285 4.523898601531982 1 frame_413.jpg

414 0.8886489868164062 0.4454173445701599 0.09603855013847351 0.05179712921380997 -0.32224202156066895 5.200958251953125 4.5855207443237305 1 frame_414.jpg

415 0.8859758377075195 0.4493338167667389 0.10123692452907562 0.05382360890507698 -0.33614376187324524 5.185731410980225 4.64693546295166 1 frame_415.jpg

416 0.883280873298645 0.4531899094581604 0.10638146102428436 0.05582840368151665 -0.349425345659256 5.1697916984558105 4.7081170082092285 1 frame_416.jpg

417 0.880600094795227 0.4570775032043457 0.11096351593732834 0.057538699358701706 -0.3602641224861145 5.152756214141846 4.769686698913574 1 frame_417.jpg

418 0.8781067132949829 0.4614257514476776 0.11263318359851837 0.05769450590014458 -0.3603643476963043 5.1328206062316895 4.83450174331665 1 frame_418.jpg

419 0.8756134510040283 0.46571892499923706 0.11428341269493103 0.05784720554947853 -0.36017462611198425 5.112311363220215 4.898801326751709 1 frame_419.jpg

420 0.8731212019920349 0.4699569642543793 0.11591435223817825 0.05799686163663864 -0.3597014844417572 5.091250419616699 4.9625678062438965 1 frame_420.jpg

421 0.8706309199333191 0.47414007782936096 0.11752576380968094 0.058143433183431625 -0.3589496612548828 5.069655895233154 5.025786876678467 1 frame_421.jpg

422 0.8681595325469971 0.47855353355407715 0.11813252419233322 0.057708095759153366 -0.3533443510532379 5.045773983001709 5.090747356414795 1 frame_422.jpg

423 0.8657239675521851 0.48362553119659424 0.11624520272016525 0.05581580474972725 -0.3361775875091553 5.016774654388428 5.160863399505615 1 frame_423.jpg

424 0.8632814288139343 0.4886247217655182 0.11437372118234634 0.053941529244184494 -0.3192463219165802 4.98713493347168 5.230180263519287 1 frame_424.jpg

425 0.860832691192627 0.4935522973537445 0.11251791566610336 0.0520852692425251 -0.3025543987751007 4.956876754760742 5.298697471618652 1 frame_425.jpg

426 0.8583795428276062 0.4984075129032135 0.11067837476730347 0.05024755373597145 -0.2861102819442749 4.926035404205322 5.366391658782959 1 frame_426.jpg

427 0.8558500409126282 0.5037105679512024 0.1074177548289299 0.04751618579030037 -0.2621341347694397 4.890439987182617 5.437774181365967 1 frame_427.jpg

428 0.8531380891799927 0.5099257826805115 0.10138584673404694 0.043035510927438736 -0.22381581366062164 4.845638275146484 5.517035961151123 1 frame_428.jpg

429 0.8503711819648743 0.5160185694694519 0.09541267901659012 0.03860171139240265 -0.1867101788520813 4.799685955047607 5.595232963562012 1 frame_429.jpg

430 0.8475533723831177 0.5219886302947998 0.08950074017047882 0.0342165045440197 -0.15082526206970215 4.752659320831299 5.672327041625977 1 frame_430.jpg

431 0.8446877002716064 0.5278375148773193 0.08365053683519363 0.02988016977906227 -0.11615564674139023 4.704619884490967 5.7483038902282715 1 frame_431.jpg

432 0.8415029048919678 0.5343968272209167 0.07558760792016983 0.02407125011086464 -0.07008976489305496 4.646664142608643 5.830892086029053 1 frame_432.jpg

433 0.8377618193626404 0.5420147776603699 0.06417280435562134 0.016030943021178246 -0.00753263384103775 4.573042392730713 5.9239068031311035 1 frame_433.jpg

434 0.833848774433136 0.5493940711021423 0.05288589373230934 0.008088426664471626 0.051723361015319824 4.497067928314209 6.015417575836182 1 frame_434.jpg

435 0.8297725319862366 0.5565394759178162 0.04172889515757561 0.0002446817234158516 0.10769515484571457 4.418907642364502 6.105377197265625 1 frame_435.jpg

436 0.8255426287651062 0.5634539127349854 0.030705798417329788 -0.0074975755997002125 0.1603902280330658 4.338752269744873 6.193719863891602 1 frame_436.jpg

437 0.8204317092895508 0.5712429285049438 0.016123149544000626 -0.017704585567116737 0.22851265966892242 4.238747596740723 6.2921366691589355 1 frame_437.jpg

438 0.8142997026443481 0.5796593427658081 -0.0016837409930303693 -0.0301361083984375 0.30766570568084717 4.118202209472656 6.399374485015869 1 frame_438.jpg

439 0.8077883124351501 0.5876320004463196 -0.019247399643063545 -0.042381301522254944 0.3795061409473419 3.993633508682251 6.504238605499268 1 frame_439.jpg

440 0.8009219169616699 0.5951681137084961 -0.03655412048101425 -0.05443141981959343 0.4440476894378662 3.865560531616211 6.60653829574585 1 frame_440.jpg

441 0.7937241792678833 0.6022764444351196 -0.05359251797199249 -0.06627918779850006 0.5013403296470642 3.734478235244751 6.706112384796143 1 frame_441.jpg

442 0.7851516008377075 0.6095167398452759 -0.07421749085187912 -0.08073516190052032 0.5684936046600342 3.579697608947754 6.811766624450684 1 frame_442.jpg

443 0.7755563259124756 0.6164148449897766 -0.09632771462202072 -0.09626065939664841 0.6329319477081299 3.41070818901062 6.91825532913208 1 frame_443.jpg

444 0.7654467821121216 0.6226848363876343 -0.11802225559949875 -0.1114700585603714 0.685795783996582 3.2381844520568848 7.020938873291016 1 frame_444.jpg

445 0.7548621296882629 0.6283451318740845 -0.13928526639938354 -0.12635326385498047 0.7272684574127197 3.062992572784424 7.119586944580078 1 frame_445.jpg

446 0.7438421845436096 0.6334142684936523 -0.16010107100009918 -0.14090028405189514 0.7575898170471191 2.8859825134277344 7.213994979858398 1 frame_446.jpg

447 0.7326902747154236 0.6374961733818054 -0.1806102991104126 -0.15538190305233002 0.7838871479034424 2.7103099822998047 7.300279140472412 1 frame_447.jpg

448 0.7213292717933655 0.640783429145813 -0.20073135197162628 -0.16966912150382996 0.8035057187080383 2.535404682159424 7.3802313804626465 1 frame_448.jpg

449 0.709632158279419 0.6435476541519165 -0.22036844491958618 -0.18359290063381195 0.8126799464225769 2.3604629039764404 7.456072807312012 1 frame_449.jpg

450 0.6976360082626343 0.6458103656768799 -0.2395116239786148 -0.1971471905708313 0.8118005990982056 2.1862077713012695 7.527702808380127 1 frame_450.jpg

451 0.6853762865066528 0.64759361743927 -0.25815463066101074 -0.21032847464084625 0.8012973666191101 2.0133001804351807 7.59506368637085 1 frame_451.jpg

452 0.6728886365890503 0.6489193439483643 -0.27629029750823975 -0.22313283383846283 0.7816354632377625 1.8423733711242676 7.658110618591309 1 frame_452.jpg

453 0.6700208783149719 0.6491591930389404 -0.28034284710884094 -0.22599159181118011 0.7824229001998901 1.7994256019592285 7.685647964477539 1 frame_453.jpg

454 0.6700208783149719 0.6491591930389404 -0.28034284710884094 -0.22599159181118011 0.7906761169433594 1.79380202293396 7.70321798324585 1 frame_454.jpg

455 0.6700208783149719 0.6491591930389404 -0.28034284710884094 -0.22599159181118011 0.7987698316574097 1.7882875204086304 7.7204484939575195 1 frame_455.jpg

456 0.6700208783149719 0.6491591930389404 -0.28034284710884094 -0.22599159181118011 0.8067021369934082 1.7828826904296875 7.737335205078125 1 frame_456.jpg

457 0.6700208783149719 0.6491591930389404 -0.28034284710884094 -0.22599159181118011 0.8144724369049072 1.777588129043579 7.753877639770508 1 frame_457.jpg

458 0.6700208783149719 0.6491591930389404 -0.28034284710884094 -0.22599159181118011 0.8220816850662231 1.772403597831726 7.770075798034668 1 frame_458.jpg

459 0.6700208783149719 0.6491591930389404 -0.28034284710884094 -0.22599159181118011 0.82952880859375 1.7673295736312866 7.785930156707764 1 frame_459.jpg

460 0.6700208783149719 0.6491591930389404 -0.28034284710884094 -0.22599159181118011 0.8368110656738281 1.7623679637908936 7.801431655883789 1 frame_460.jpg

461 0.6700208783149719 0.6491591930389404 -0.28034284710884094 -0.22599159181118011 0.8439284563064575 1.7575180530548096 7.81658411026001 1 frame_461.jpg

462 0.6700208783149719 0.6491591930389404 -0.28034284710884094 -0.22599159181118011 0.850882351398468 1.7527798414230347 7.8313889503479 1 frame_462.jpg

463 0.6700208783149719 0.6491591930389404 -0.28034284710884094 -0.22599159181118011 0.8576699495315552 1.7481553554534912 7.845839500427246 1 frame_463.jpg

464 0.6700208783149719 0.6491591930389404 -0.28034284710884094 -0.22599159181118011 0.8642913699150085 1.7436436414718628 7.859935283660889 1 frame_464.jpg

465 0.6700208783149719 0.6491591930389404 -0.28034284710884094 -0.22599159181118011 0.8707438707351685 1.739247441291809 7.873672962188721 1 frame_465.jpg

466 0.6700208783149719 0.6491591930389404 -0.28034284710884094 -0.22599159181118011 0.8770279288291931 1.7349653244018555 7.887051105499268 1 frame_466.jpg

467 0.6700208783149719 0.6491591930389404 -0.28034284710884094 -0.22599159181118011 0.8831446170806885 1.730797529220581 7.900071620941162 1 frame_467.jpg

468 0.6700208783149719 0.6491591930389404 -0.28034284710884094 -0.22599159181118011 0.8890893459320068 1.7267475128173828 7.912728786468506 1 frame_468.jpg

469 0.6700208783149719 0.6491591930389404 -0.28034284710884094 -0.22599159181118011 0.8948659300804138 1.7228115797042847 7.925024509429932 1 frame_469.jpg

470 0.6700208783149719 0.6491591930389404 -0.28034284710884094 -0.22599159181118011 0.9004694223403931 1.7189936637878418 7.936953067779541 1 frame_470.jpg

471 0.6700208783149719 0.6491591930389404 -0.28034284710884094 -0.22599159181118011 0.905900239944458 1.7152925729751587 7.948516368865967 1 frame_471.jpg

472 0.6700208783149719 0.6491591930389404 -0.28034284710884094 -0.22599159181118011 0.9111602902412415 1.7117087841033936 7.959713935852051 1 frame_472.jpg

473 0.6700208783149719 0.6491591930389404 -0.28034284710884094 -0.22599159181118011 0.9162451028823853 1.7082442045211792 7.97053861618042 1 frame_473.jpg

474 0.6700208783149719 0.6491591930389404 -0.28034284710884094 -0.22599159181118011 0.921153724193573 1.704899787902832 7.980988025665283 1 frame_474.jpg

475 0.6700208783149719 0.6491591930389404 -0.28034284710884094 -0.22599159181118011 0.9258909821510315 1.7016716003417969 7.991072177886963 1 frame_475.jpg

476 0.6700208783149719 0.6491591930389404 -0.28034284710884094 -0.22599159181118011 0.9304482936859131 1.6985665559768677 8.000776290893555 1 frame_476.jpg

477 0.6700208783149719 0.6491591930389404 -0.28034284710884094 -0.22599159181118011 0.9348313808441162 1.6955804824829102 8.010107040405273 1 frame_477.jpg

478 0.6700208783149719 0.6491591930389404 -0.28034284710884094 -0.22599159181118011 0.9390374422073364 1.6927144527435303 8.019059181213379 1 frame_478.jpg

479 0.6700208783149719 0.6491591930389404 -0.28034284710884094 -0.22599159181118011 0.9430637359619141 1.6899713277816772 8.027631759643555 1 frame_479.jpg

480 0.6700208783149719 0.6491591930389404 -0.28034284710884094 -0.22599159181118011 0.9469085335731506 1.6873517036437988 8.035815238952637 1 frame_480.jpg

481 0.6700208783149719 0.6491591930389404 -0.28034284710884094 -0.22599159181118011 0.9505771398544312 1.6848522424697876 8.04362678527832 1 frame_481.jpg

482 0.6700208783149719 0.6491591930389404 -0.28034284710884094 -0.22599159181118011 0.9540616273880005 1.6824774742126465 8.051045417785645 1 frame_482.jpg

483 0.6700208783149719 0.6491591930389404 -0.28034284710884094 -0.22599159181118011 0.9573660492897034 1.6802263259887695 8.058077812194824 1 frame_483.jpg

484 0.6700208783149719 0.6491591930389404 -0.28034284710884094 -0.22599159181118011 0.9604884386062622 1.678098440170288 8.064725875854492 1 frame_484.jpg

485 0.6700208783149719 0.6491591930389404 -0.28034284710884094 -0.22599159181118011 0.9634268879890442 1.6760972738265991 8.070982933044434 1 frame_485.jpg

486 0.6700208783149719 0.6491591930389404 -0.28034284710884094 -0.22599159181118011 0.9661815762519836 1.6742197275161743 8.076847076416016 1 frame_486.jpg

487 0.6700208783149719 0.6491591930389404 -0.28034284710884094 -0.22599159181118011 0.9687513709068298 1.672468900680542 8.082317352294922 1 frame_487.jpg

488 0.6700208783149719 0.6491591930389404 -0.28034284710884094 -0.22599159181118011 0.9711382389068604 1.6708430051803589 8.087396621704102 1 frame_488.jpg

489 0.6700208783149719 0.6491591930389404 -0.28034284710884094 -0.22599159181118011 0.9733350276947021 1.6693458557128906 8.09207820892334 1 frame_489.jpg

490 0.6700208783149719 0.6491591930389404 -0.28034284710884094 -0.22599159181118011 0.9753454923629761 1.667975902557373 8.096354484558105 1 frame_490.jpg

491 0.6700208783149719 0.6491591930389404 -0.28034284710884094 -0.22599159181118011 0.977169394493103 1.6667324304580688 8.100236892700195 1 frame_491.jpg

492 0.6700208783149719 0.6491591930389404 -0.28034284710884094 -0.22599159181118011 0.9788045883178711 1.6656190156936646 8.103718757629395 1 frame_492.jpg

493 0.6700208783149719 0.6491591930389404 -0.28034284710884094 -0.22599159181118011 0.9802502393722534 1.6646337509155273 8.106796264648438 1 frame_493.jpg

494 0.6700208783149719 0.6491591930389404 -0.28034284710884094 -0.22599159181118011 0.9815053939819336 1.6637778282165527 8.109469413757324 1 frame_494.jpg

495 0.6700208783149719 0.6491591930389404 -0.28034284710884094 -0.22599159181118011 0.9825689196586609 1.6630538702011108 8.111733436584473 1 frame_495.jpg

496 0.6700208783149719 0.6491591930389404 -0.28034284710884094 -0.22599159181118011 0.9834411144256592 1.6624592542648315 8.113590240478516 1 frame_496.jpg

497 0.6700208783149719 0.6491591930389404 -0.28034284710884094 -0.22599159181118011 0.9841234087944031 1.6619943380355835 8.115043640136719 1 frame_497.jpg

498 0.6700208783149719 0.6491591930389404 -0.28034284710884094 -0.22599159181118011 0.9846094250679016 1.661663293838501 8.116079330444336 1 frame_498.jpg

499 0.6700208783149719 0.6491591930389404 -0.28034284710884094 -0.22599159181118011 0.9849017262458801 1.6614643335342407 8.116700172424316 1 frame_499.jpg

500 0.6700208783149719 0.6491591930389404 -0.28034284710884094 -0.22599159181118011 0.9849993586540222 1.66139817237854 8.11690616607666 1 frame_500.jpg

