# Image list generated by blender-exporter-colmap
2 0.7013763785362244 0.7127212285995483 -0.00932462140917778 0.003565474646165967 -0.1921549290418625 -0.33128100633621216 10.441787719726562 1 frame_1.jpg

3 0.7013763785362244 0.7127212285995483 -0.00932462140917778 0.003565474646165967 -0.19213825464248657 -0.3312664330005646 10.440876960754395 1 frame_2.jpg

4 0.7013763785362244 0.7127212285995483 -0.00932462140917778 0.003565474646165967 -0.19208848476409912 -0.3312229812145233 10.438157081604004 1 frame_3.jpg

5 0.7013763785362244 0.7127212285995483 -0.00932462140917778 0.003565474646165967 -0.19200590252876282 -0.33115091919898987 10.43364429473877 1 frame_4.jpg

6 0.7013763785362244 0.7127212285995483 -0.00932462140917778 0.003565474646165967 -0.1918909102678299 -0.3310505151748657 10.427359580993652 1 frame_5.jpg

7 0.7013763785362244 0.7127212285995483 -0.00932462140917778 0.003565474646165967 -0.19174376130104065 -0.33092209696769714 10.419318199157715 1 frame_6.jpg

8 0.7013763785362244 0.7127212285995483 -0.00932462140917778 0.003565474646165967 -0.1915649026632309 -0.3307659327983856 10.40954303741455 1 frame_7.jpg

9 0.7013763785362244 0.7127212285995483 -0.00932462140917778 0.003565474646165967 -0.19135458767414093 -0.3305823504924774 10.398050308227539 1 frame_8.jpg

10 0.7013763785362244 0.7127212285995483 -0.00932462140917778 0.003565474646165967 -0.1911131590604782 -0.330371618270874 10.384856224060059 1 frame_9.jpg

11 0.7013763785362244 0.7127212285995483 -0.00932462140917778 0.003565474646165967 -0.1908409595489502 -0.33013400435447693 10.36998176574707 1 frame_10.jpg

12 0.7013763785362244 0.7127212285995483 -0.00932462140917778 0.003565474646165967 -0.19053837656974792 -0.3298698663711548 10.353445053100586 1 frame_11.jpg

13 0.7013763785362244 0.7127212285995483 -0.00932462140917778 0.003565474646165967 -0.1902056634426117 -0.3295794427394867 10.335262298583984 1 frame_12.jpg

14 0.7013763785362244 0.7127212285995483 -0.00932462140917778 0.003565474646165967 -0.18984320759773254 -0.32926303148269653 10.315454483032227 1 frame_13.jpg

15 0.7013763785362244 0.7127212285995483 -0.00932462140917778 0.003565474646165967 -0.18945133686065674 -0.32892099022865295 10.294039726257324 1 frame_14.jpg

16 0.7013763785362244 0.7127212285995483 -0.00932462140917778 0.003565474646165967 -0.18903039395809174 -0.32855352759361267 10.271035194396973 1 frame_15.jpg

17 0.7013763785362244 0.7127212285995483 -0.00932462140917778 0.003565474646165967 -0.1885806918144226 -0.32816097140312195 10.2464599609375 1 frame_16.jpg

18 0.7013763785362244 0.7127212285995483 -0.00932462140917778 0.003565474646165967 -0.188102588057518 -0.32774361968040466 10.220332145690918 1 frame_17.jpg

19 0.7013763785362244 0.7127212285995483 -0.00932462140917778 0.003565474646165967 -0.1875964254140854 -0.3273017704486847 10.192669868469238 1 frame_18.jpg

20 0.7013763785362244 0.7127212285995483 -0.00932462140917778 0.003565474646165967 -0.18706251680850983 -0.3268357217311859 10.163492202758789 1 frame_19.jpg

21 0.7013763785362244 0.7127212285995483 -0.00932462140917778 0.003565474646165967 -0.1865011751651764 -0.3263457119464874 10.132816314697266 1 frame_20.jpg

22 0.7013763785362244 0.7127212285995483 -0.00932462140917778 0.003565474646165967 -0.18591280281543732 -0.3258320987224579 10.100662231445312 1 frame_21.jpg

23 0.7013763785362244 0.7127212285995483 -0.00932462140917778 0.003565474646165967 -0.18529769778251648 -0.32529518008232117 10.067047119140625 1 frame_22.jpg

24 0.7013763785362244 0.7127212285995483 -0.00932462140917778 0.003565474646165967 -0.18465620279312134 -0.32473519444465637 10.031990051269531 1 frame_23.jpg

25 0.7013763785362244 0.7127212285995483 -0.00932462140917778 0.003565474646165967 -0.18398864567279816 -0.32415246963500977 9.995508193969727 1 frame_24.jpg

26 0.7013763785362244 0.7127212285995483 -0.00932462140917778 0.003565474646165967 -0.1832953691482544 -0.3235473036766052 9.957621574401855 1 frame_25.jpg

27 0.7013763785362244 0.7127212285995483 -0.00932462140917778 0.003565474646165967 -0.18257670104503632 -0.32291996479034424 9.918347358703613 1 frame_26.jpg

28 0.7013763785362244 0.7127212285995483 -0.00932462140917778 0.003565474646165967 -0.18183301389217377 -0.32227078080177307 9.877705574035645 1 frame_27.jpg

29 0.7013763785362244 0.7127212285995483 -0.00932462140917778 0.003565474646165967 -0.18106459081172943 -0.3215999901294708 9.835712432861328 1 frame_28.jpg

30 0.7013763785362244 0.7127212285995483 -0.00932462140917778 0.003565474646165967 -0.18027180433273315 -0.32090795040130615 9.792387008666992 1 frame_29.jpg

31 0.7013763785362244 0.7127212285995483 -0.00932462140917778 0.003565474646165967 -0.1794549822807312 -0.32019492983818054 9.747748374938965 1 frame_30.jpg

32 0.7013763785362244 0.7127212285995483 -0.00932462140917778 0.003565474646165967 -0.17861445248126984 -0.31946122646331787 9.701813697814941 1 frame_31.jpg

33 0.7013763785362244 0.7127212285995483 -0.00932462140917778 0.003565474646165967 -0.1777505725622177 -0.31870710849761963 9.654603958129883 1 frame_32.jpg

34 0.7013763785362244 0.7127212285995483 -0.00932462140917778 0.003565474646165967 -0.1768636256456375 -0.3179328739643097 9.606133460998535 1 frame_33.jpg

35 0.7013763785362244 0.7127212285995483 -0.00932462140917778 0.003565474646165967 -0.17595402896404266 -0.3171388804912567 9.556424140930176 1 frame_34.jpg

36 0.7013763785362244 0.7127212285995483 -0.00932462140917778 0.003565474646165967 -0.17502203583717346 -0.316325306892395 9.505492210388184 1 frame_35.jpg

37 0.7013763785362244 0.7127212285995483 -0.00932462140917778 0.003565474646165967 -0.17406804859638214 -0.31549257040023804 9.453357696533203 1 frame_36.jpg

38 0.7013763785362244 0.7127212285995483 -0.00932462140917778 0.003565474646165967 -0.17309236526489258 -0.3146408796310425 9.40003776550293 1 frame_37.jpg

39 0.7013763785362244 0.7127212285995483 -0.00932462140917778 0.003565474646165967 -0.17209534347057343 -0.3137705326080322 9.345550537109375 1 frame_38.jpg

40 0.7013763785362244 0.7127212285995483 -0.00932462140917778 0.003565474646165967 -0.17107729613780975 -0.31288185715675354 9.289916038513184 1 frame_39.jpg

41 0.7013763785362244 0.7127212285995483 -0.00932462140917778 0.003565474646165967 -0.17003856599330902 -0.3119751513004303 9.233150482177734 1 frame_40.jpg

42 0.7013763785362244 0.7127212285995483 -0.00932462140917778 0.003565474646165967 -0.16897951066493988 -0.311050683259964 9.175273895263672 1 frame_41.jpg

43 0.7013763785362244 0.7127212285995483 -0.00932462140917778 0.003565474646165967 -0.1679004430770874 -0.3101087212562561 9.116303443908691 1 frame_42.jpg

44 0.7013763785362244 0.7127212285995483 -0.00932462140917778 0.003565474646165967 -0.16680172085762024 -0.3091496229171753 9.056260108947754 1 frame_43.jpg

45 0.7013763785362244 0.7127212285995483 -0.00932462140917778 0.003565474646165967 -0.16568365693092346 -0.30817365646362305 8.995159149169922 1 frame_44.jpg

46 0.7013763785362244 0.7127212285995483 -0.00932462140917778 0.003565474646165967 -0.16454659402370453 -0.30718109011650085 8.933019638061523 1 frame_45.jpg

47 0.7013763785362244 0.7127212285995483 -0.00932462140917778 0.003565474646165967 -0.1633908748626709 -0.3061722218990326 8.86985969543457 1 frame_46.jpg

48 0.7013763785362244 0.7127212285995483 -0.00932462140917778 0.003565474646165967 -0.16221684217453003 -0.3051473796367645 8.805700302124023 1 frame_47.jpg

49 0.7013763785362244 0.7127212285995483 -0.00932462140917778 0.003565474646165967 -0.161024808883667 -0.30410683155059814 8.740556716918945 1 frame_48.jpg

50 0.7013763785362244 0.7127212285995483 -0.00932462140917778 0.003565474646165967 -0.15981513261795044 -0.3030508756637573 8.674449920654297 1 frame_49.jpg

51 0.7013763785362244 0.7127212285995483 -0.00932462140917778 0.003565474646165967 -0.15858814120292664 -0.30197980999946594 8.607396125793457 1 frame_50.jpg

52 0.7013763785362244 0.7127212285995483 -0.00932462140917778 0.003565474646165967 -0.15734416246414185 -0.3008939027786255 8.539413452148438 1 frame_51.jpg

53 0.7013763785362244 0.7127212285995483 -0.00932462140917778 0.003565474646165967 -0.15608356893062592 -0.2997935116291046 8.4705228805542 1 frame_52.jpg

54 0.7013763785362244 0.7127212285995483 -0.00932462140917778 0.003565474646165967 -0.15480664372444153 -0.2986788749694824 8.400740623474121 1 frame_53.jpg

55 0.7013763785362244 0.7127212285995483 -0.00932462140917778 0.003565474646165967 -0.15351374447345734 -0.2975502610206604 8.330084800720215 1 frame_54.jpg

56 0.7013763785362244 0.7127212285995483 -0.00932462140917778 0.003565474646165967 -0.152205228805542 -0.2964080274105072 8.258575439453125 1 frame_55.jpg

57 0.7013763785362244 0.7127212285995483 -0.00932462140917778 0.003565474646165967 -0.15088140964508057 -0.2952524423599243 8.186230659484863 1 frame_56.jpg

58 0.7013763785362244 0.7127212285995483 -0.00932462140917778 0.003565474646165967 -0.14954262971878052 -0.2940838038921356 8.113066673278809 1 frame_57.jpg

59 0.7013763785362244 0.7127212285995483 -0.00932462140917778 0.003565474646165967 -0.1481892168521881 -0.2929023802280426 8.039104461669922 1 frame_58.jpg

60 0.7013763785362244 0.7127212285995483 -0.00932462140917778 0.003565474646165967 -0.1468215435743332 -0.29170849919319153 7.964362144470215 1 frame_59.jpg

61 0.7013763785362244 0.7127212285995483 -0.00932462140917778 0.003565474646165967 -0.14543990790843964 -0.2905024290084839 7.888856887817383 1 frame_60.jpg

62 0.7013763785362244 0.7127212285995483 -0.00932462140917778 0.003565474646165967 -0.1440446376800537 -0.28928446769714355 7.8126068115234375 1 frame_61.jpg

63 0.7013763785362244 0.7127212285995483 -0.00932462140917778 0.003565474646165967 -0.14263610541820526 -0.2880549430847168 7.735631465911865 1 frame_62.jpg

64 0.7013763785362244 0.7127212285995483 -0.00932462140917778 0.003565474646165967 -0.14121462404727936 -0.2868140935897827 7.657948970794678 1 frame_63.jpg

65 0.7013763785362244 0.7127212285995483 -0.00932462140917778 0.003565474646165967 -0.13978053629398346 -0.2855622470378876 7.579577445983887 1 frame_64.jpg

66 0.7013763785362244 0.7127212285995483 -0.00932462140917778 0.003565474646165967 -0.13833415508270264 -0.28429967164993286 7.500534534454346 1 frame_65.jpg

67 0.7013763785362244 0.7127212285995483 -0.00932462140917778 0.003565474646165967 -0.13687586784362793 -0.28302669525146484 7.420840263366699 1 frame_66.jpg

68 0.7013763785362244 0.7127212285995483 -0.00932462140917778 0.003565474646165967 -0.13540597259998322 -0.281743586063385 7.340512275695801 1 frame_67.jpg

69 0.7013763785362244 0.7127212285995483 -0.00932462140917778 0.003565474646165967 -0.13392479717731476 -0.28045064210891724 7.259567737579346 1 frame_68.jpg

70 0.7013763785362244 0.7127212285995483 -0.00932462140917778 0.003565474646165967 -0.1324327290058136 -0.2791481912136078 7.1780266761779785 1 frame_69.jpg

71 0.7013763785362244 0.7127212285995483 -0.00932462140917778 0.003565474646165967 -0.13093003630638123 -0.2778364419937134 7.095906734466553 1 frame_70.jpg

72 0.7013763785362244 0.7127212285995483 -0.00932462140917778 0.003565474646165967 -0.12941712141036987 -0.27651578187942505 7.0132269859313965 1 frame_71.jpg

73 0.7013763785362244 0.7127212285995483 -0.00932462140917778 0.003565474646165967 -0.12789425253868103 -0.2751864492893219 6.930004119873047 1 frame_72.jpg

74 0.7013763785362244 0.7127212285995483 -0.00932462140917778 0.003565474646165967 -0.12636183202266693 -0.2738487720489502 6.846258640289307 1 frame_73.jpg

75 0.7013763785362244 0.7127212285995483 -0.00932462140917778 0.003565474646165967 -0.12482017278671265 -0.2725030183792114 6.762008190155029 1 frame_74.jpg

76 0.7013763785362244 0.7127212285995483 -0.00932462140917778 0.003565474646165967 -0.12326958775520325 -0.27114948630332947 6.67726993560791 1 frame_75.jpg

77 0.7013763785362244 0.7127212285995483 -0.00932462140917778 0.003565474646165967 -0.12171042710542679 -0.2697884440422058 6.5920634269714355 1 frame_76.jpg

78 0.7013763785362244 0.7127212285995483 -0.00932462140917778 0.003565474646165967 -0.12014303356409073 -0.2684202194213867 6.506406784057617 1 frame_77.jpg

79 0.7013763785362244 0.7127212285995483 -0.00932462140917778 0.003565474646165967 -0.11856774240732193 -0.26704514026641846 6.420318603515625 1 frame_78.jpg

80 0.7013763785362244 0.7127212285995483 -0.00932462140917778 0.003565474646165967 -0.11698488891124725 -0.26566341519355774 6.333817005157471 1 frame_79.jpg

81 0.7013763785362244 0.7127212285995483 -0.00932462140917778 0.003565474646165967 -0.11539478600025177 -0.2642754018306732 6.246919631958008 1 frame_80.jpg

82 0.7013763785362244 0.7127212285995483 -0.00932462140917778 0.003565474646165967 -0.11379780620336533 -0.262881338596344 6.159646034240723 1 frame_81.jpg

83 0.7013763785362244 0.7127212285995483 -0.00932462140917778 0.003565474646165967 -0.11219427734613419 -0.2614815831184387 6.072014808654785 1 frame_82.jpg

84 0.7013763785362244 0.7127212285995483 -0.00932462140917778 0.003565474646165967 -0.11058451980352402 -0.2600764036178589 5.984043598175049 1 frame_83.jpg

85 0.7013763785362244 0.7127212285995483 -0.00932462140917778 0.003565474646165967 -0.10896887630224228 -0.258666068315506 5.895749568939209 1 frame_84.jpg

86 0.7013763785362244 0.7127212285995483 -0.00932462140917778 0.003565474646165967 -0.10734768956899643 -0.25725090503692627 5.807153701782227 1 frame_85.jpg

87 0.7013763785362244 0.7127212285995483 -0.00932462140917778 0.003565474646165967 -0.10572129487991333 -0.25583118200302124 5.718272686004639 1 frame_86.jpg

88 0.7013763785362244 0.7127212285995483 -0.00932462140917778 0.003565474646165967 -0.10409002751111984 -0.25440722703933716 5.629125595092773 1 frame_87.jpg

89 0.7013763785362244 0.7127212285995483 -0.00932462140917778 0.003565474646165967 -0.10245419293642044 -0.2529792785644531 5.53972864151001 1 frame_88.jpg

90 0.7013763785362244 0.7127212285995483 -0.00932462140917778 0.003565474646165967 -0.10081419348716736 -0.2515476644039154 5.450104236602783 1 frame_89.jpg

91 0.7013763785362244 0.7127212285995483 -0.00932462140917778 0.003565474646165967 -0.09917031228542328 -0.2501126825809479 5.360267639160156 1 frame_90.jpg

92 0.7013763785362244 0.7127212285995483 -0.00932462140917778 0.003565474646165967 -0.09752289950847626 -0.24867463111877441 5.270238399505615 1 frame_91.jpg

93 0.7013763785362244 0.7127212285995483 -0.00932462140917778 0.003565474646165967 -0.09587229788303375 -0.2472337782382965 5.180034637451172 1 frame_92.jpg

94 0.7013763785362244 0.7127212285995483 -0.00932462140917778 0.003565474646165967 -0.09421884268522263 -0.24579045176506042 5.089674949645996 1 frame_93.jpg

95 0.7013763785362244 0.7127212285995483 -0.00932462140917778 0.003565474646165967 -0.09256286174058914 -0.24434490501880646 4.999176979064941 1 frame_94.jpg

96 0.7013763785362244 0.7127212285995483 -0.00932462140917778 0.003565474646165967 -0.09090469032526016 -0.24289745092391968 4.908559799194336 1 frame_95.jpg

97 0.7013763785362244 0.7127212285995483 -0.00932462140917778 0.003565474646165967 -0.08924465626478195 -0.24144837260246277 4.817840576171875 1 frame_96.jpg

98 0.7013763785362244 0.7127212285995483 -0.00932462140917778 0.003565474646165967 -0.08758314698934555 -0.239997997879982 4.7270402908325195 1 frame_97.jpg

99 0.7013763785362244 0.7127212285995483 -0.00932462140917778 0.003565474646165967 -0.08592043071985245 -0.23854658007621765 4.63617467880249 1 frame_98.jpg

100 0.7013763785362244 0.7127212285995483 -0.00932462140917778 0.003565474646165967 -0.08425687998533249 -0.2370944321155548 4.545262813568115 1 frame_99.jpg

101 0.7013763785362244 0.7127212285995483 -0.00932462140917778 0.003565474646165967 -0.08259282261133194 -0.23564183712005615 4.454324245452881 1 frame_100.jpg

102 0.7013763785362244 0.7127212285995483 -0.00932462140917778 0.003565474646165967 -0.08092862367630005 -0.23418912291526794 4.363377094268799 1 frame_101.jpg

103 0.7013763785362244 0.7127212285995483 -0.00932462140917778 0.003565474646165967 -0.0792645737528801 -0.23273654282093048 4.2724385261535645 1 frame_102.jpg

104 0.7013763785362244 0.7127212285995483 -0.00932462140917778 0.003565474646165967 -0.07760100066661835 -0.23128437995910645 4.181525707244873 1 frame_103.jpg

105 0.7013763785362244 0.7127212285995483 -0.00932462140917778 0.003565474646165967 -0.07593829929828644 -0.2298329621553421 4.09066104888916 1 frame_104.jpg

106 0.7013763785362244 0.7127212285995483 -0.00932462140917778 0.003565474646165967 -0.07427676767110825 -0.22838257253170013 3.9998600482940674 1 frame_105.jpg

107 0.7013763785362244 0.7127212285995483 -0.00932462140917778 0.003565474646165967 -0.07261675596237183 -0.22693350911140442 3.909141778945923 1 frame_106.jpg

108 0.7013763785362244 0.7127212285995483 -0.00932462140917778 0.003565474646165967 -0.07095859199762344 -0.22548606991767883 3.8185248374938965 1 frame_107.jpg

109 0.7013763785362244 0.7127212285995483 -0.00932462140917778 0.003565474646165967 -0.06930260360240936 -0.22404052317142487 3.728026866912842 1 frame_108.jpg

110 0.7013763785362244 0.7127212285995483 -0.00932462140917778 0.003565474646165967 -0.06764914095401764 -0.2225971817970276 3.6376664638519287 1 frame_109.jpg

111 0.7013763785362244 0.7127212285995483 -0.00932462140917778 0.003565474646165967 -0.06599853187799454 -0.22115632891654968 3.5474624633789062 1 frame_110.jpg

112 0.7013763785362244 0.7127212285995483 -0.00932462140917778 0.003565474646165967 -0.06435112655162811 -0.21971826255321503 3.457432985305786 1 frame_111.jpg

113 0.7013763785362244 0.7127212285995483 -0.00932462140917778 0.003565474646165967 -0.06270725280046463 -0.2182832956314087 3.3675971031188965 1 frame_112.jpg

114 0.7013763785362244 0.7127212285995483 -0.00932462140917778 0.003565474646165967 -0.06106721982359886 -0.21685168147087097 3.277971029281616 1 frame_113.jpg

115 0.7013763785362244 0.7127212285995483 -0.00932462140917778 0.003565474646165967 -0.05943141132593155 -0.21542374789714813 3.1885757446289062 1 frame_114.jpg

116 0.7013763785362244 0.7127212285995483 -0.00932462140917778 0.003565474646165967 -0.057800136506557465 -0.21399976313114166 3.099428176879883 1 frame_115.jpg

117 0.7013763785362244 0.7127212285995483 -0.00932462140917778 0.003565474646165967 -0.05617374926805496 -0.21258005499839783 3.010547637939453 1 frame_116.jpg

118 0.7013763785362244 0.7127212285995483 -0.00932462140917778 0.003565474646165967 -0.054552558809518814 -0.21116489171981812 2.9219512939453125 1 frame_117.jpg

119 0.7013763785362244 0.7127212285995483 -0.00932462140917778 0.003565474646165967 -0.05293692648410797 -0.2097545713186264 2.833658456802368 1 frame_118.jpg

120 0.7013763785362244 0.7127212285995483 -0.00932462140917778 0.003565474646165967 -0.051327165216207504 -0.20834936201572418 2.7456865310668945 1 frame_119.jpg

121 0.7013763785362244 0.7127212285995483 -0.00932462140917778 0.003565474646165967 -0.04972362890839577 -0.2069496065378189 2.658054828643799 1 frame_120.jpg

122 0.7013763785362244 0.7127212285995483 -0.00932462140917778 0.003565474646165967 -0.04812663793563843 -0.20555555820465088 2.5707807540893555 1 frame_121.jpg

123 0.7013763785362244 0.7127212285995483 -0.00932462140917778 0.003565474646165967 -0.04653655365109444 -0.20416754484176636 2.48388409614563 1 frame_122.jpg

124 0.7013763785362244 0.7127212285995483 -0.00932462140917778 0.003565474646165967 -0.04495371878147125 -0.20278584957122803 2.397383689880371 1 frame_123.jpg

125 0.7013763785362244 0.7127212285995483 -0.00932462140917778 0.003565474646165967 -0.04337839409708977 -0.201410710811615 2.311293840408325 1 frame_124.jpg

126 0.7013763785362244 0.7127212285995483 -0.00932462140917778 0.003565474646165967 -0.041811008006334305 -0.2000425159931183 2.225637674331665 1 frame_125.jpg

127 0.7013763785362244 0.7127212285995483 -0.00932462140917778 0.003565474646165967 -0.04025185480713844 -0.19868148863315582 2.1404314041137695 1 frame_126.jpg

128 0.7013763785362244 0.7127212285995483 -0.00932462140917778 0.003565474646165967 -0.03870125859975815 -0.19732794165611267 2.0556929111480713 1 frame_127.jpg

129 0.7013763785362244 0.7127212285995483 -0.00932462140917778 0.003565474646165967 -0.037159595638513565 -0.1959821879863739 1.9714425802230835 1 frame_128.jpg

130 0.7013763785362244 0.7127212285995483 -0.00932462140917778 0.003565474646165967 -0.03562716022133827 -0.194644495844841 1.8876965045928955 1 frame_129.jpg

131 0.7013763785362244 0.7127212285995483 -0.00932462140917778 0.003565474646165967 -0.03410431370139122 -0.19331516325473785 1.8044743537902832 1 frame_130.jpg

132 0.7013763785362244 0.7127212285995483 -0.00932462140917778 0.003565474646165967 -0.03259139135479927 -0.19199450314044952 1.721794605255127 1 frame_131.jpg

133 0.7013763785362244 0.7127212285995483 -0.00932462140917778 0.003565474646165967 -0.031088711693882942 -0.1906827837228775 1.6396745443344116 1 frame_132.jpg

134 0.7013763785362244 0.7127212285995483 -0.00932462140917778 0.003565474646165967 -0.029596595093607903 -0.18938028812408447 1.5581318140029907 1 frame_133.jpg

135 0.7013763785362244 0.7127212285995483 -0.00932462140917778 0.003565474646165967 -0.02811545878648758 -0.1880873739719391 1.4771891832351685 1 frame_134.jpg

136 0.7013763785362244 0.7127212285995483 -0.00932462140917778 0.003565474646165967 -0.02664555050432682 -0.18680424988269806 1.396860122680664 1 frame_135.jpg

137 0.7013763785362244 0.7127212285995483 -0.00932462140917778 0.003565474646165967 -0.025187259539961815 -0.18553127348423004 1.3171659708023071 1 frame_136.jpg

138 0.7013763785362244 0.7127212285995483 -0.00932462140917778 0.003565474646165967 -0.023740895092487335 -0.18426871299743652 1.2381235361099243 1 frame_137.jpg

139 0.7013763785362244 0.7127212285995483 -0.00932462140917778 0.003565474646165967 -0.02230680175125599 -0.18301686644554138 1.1597517728805542 1 frame_138.jpg

140 0.7013763785362244 0.7127212285995483 -0.00932462140917778 0.003565474646165967 -0.02088533155620098 -0.1817760318517685 1.082069754600525 1 frame_139.jpg

141 0.7013763785362244 0.7127212285995483 -0.00932462140917778 0.003565474646165967 -0.019476762041449547 -0.18054646253585815 1.005092740058899 1 frame_140.jpg

142 0.7013763785362244 0.7127212285995483 -0.00932462140917778 0.003565474646165967 -0.018081538379192352 -0.1793285459280014 0.9288451075553894 1 frame_141.jpg

143 0.7013763785362244 0.7127212285995483 -0.00932462140917778 0.003565474646165967 -0.016699887812137604 -0.17812246084213257 0.8533392548561096 1 frame_142.jpg

144 0.7013763785362244 0.7127212285995483 -0.00932462140917778 0.003565474646165967 -0.015332176350057125 -0.1769285649061203 0.7785951495170593 1 frame_143.jpg

145 0.7013763785362244 0.7127212285995483 -0.00932462140917778 0.003565474646165967 -0.013978804461658001 -0.17574717104434967 0.7046347260475159 1 frame_144.jpg

146 0.7013763785362244 0.7127212285995483 -0.00932462140917778 0.003565474646165967 -0.01264001801609993 -0.17457851767539978 0.6314713358879089 1 frame_145.jpg

147 0.7013763785362244 0.7127212285995483 -0.00932462140917778 0.003565474646165967 -0.011316199786961079 -0.1734229326248169 0.5591259598731995 1 frame_146.jpg

148 0.7013763785362244 0.7127212285995483 -0.00932462140917778 0.003565474646165967 -0.010007682256400585 -0.1722806990146637 0.4876166582107544 1 frame_147.jpg

149 0.7013763785362244 0.7127212285995483 -0.00932462140917778 0.003565474646165967 -0.008714795112609863 -0.17115209996700287 0.4169616401195526 1 frame_148.jpg

150 0.7013763785362244 0.7127212285995483 -0.00932462140917778 0.003565474646165967 -0.007437871303409338 -0.17003744840621948 0.34717899560928345 1 frame_149.jpg

151 0.7013763785362244 0.7127212285995483 -0.00932462140917778 0.003565474646165967 -0.006177276838570833 -0.1689370572566986 0.27828869223594666 1 frame_150.jpg

152 0.7013763785362244 0.7127212285995483 -0.00932462140917778 0.003565474646165967 -0.004933307878673077 -0.16785116493701935 0.21030700206756592 1 frame_151.jpg

153 0.7013763785362244 0.7127212285995483 -0.00932462140917778 0.003565474646165967 -0.0037063134368509054 -0.16678009927272797 0.14325295388698578 1 frame_152.jpg

154 0.7013763785362244 0.7127212285995483 -0.00932462140917778 0.003565474646165967 -0.00249662552960217 -0.16572412848472595 0.07714466750621796 1 frame_153.jpg

155 0.7013763785362244 0.7127212285995483 -0.00932462140917778 0.003565474646165967 -0.0013045924715697765 -0.16468358039855957 0.0120012192055583 1 frame_154.jpg

156 0.7013763785362244 0.7127212285995483 -0.00932462140917778 0.003565474646165967 -0.00013056356692686677 -0.1636587381362915 -0.052158329635858536 1 frame_155.jpg

157 0.7013763785362244 0.7127212285995483 -0.00932462140917778 0.003565474646165967 0.0010251649655401707 -0.16264988481998444 -0.11531776189804077 1 frame_156.jpg

158 0.7013763785362244 0.7127212285995483 -0.00932462140917778 0.003565474646165967 0.002162208780646324 -0.16165733337402344 -0.17745612561702728 1 frame_157.jpg

159 0.7013763785362244 0.7127212285995483 -0.00932462140917778 0.003565474646165967 0.0032802720088511705 -0.16068135201931 -0.23855717480182648 1 frame_158.jpg

160 0.7013763785362244 0.7127212285995483 -0.00932462140917778 0.003565474646165967 0.004379004705697298 -0.159722238779068 -0.298601895570755 1 frame_159.jpg

161 0.7013763785362244 0.7127212285995483 -0.00932462140917778 0.003565474646165967 0.005458076484501362 -0.1587802916765213 -0.35757210850715637 1 frame_160.jpg

162 0.7013763785362244 0.7127212285995483 -0.00932462140917778 0.003565474646165967 0.006517155095934868 -0.1578558087348938 -0.41544973850250244 1 frame_161.jpg

163 0.7013763785362244 0.7127212285995483 -0.00932462140917778 0.003565474646165967 0.007555857766419649 -0.15694910287857056 -0.47221383452415466 1 frame_162.jpg

164 0.7013763785362244 0.7127212285995483 -0.00932462140917778 0.003565474646165967 0.008573886938393116 -0.15606044232845306 -0.5278481245040894 1 frame_163.jpg

165 0.7013763785362244 0.7127212285995483 -0.00932462140917778 0.003565474646165967 0.00957092922180891 -0.1551900953054428 -0.5823354721069336 1 frame_164.jpg

166 0.7013763785362244 0.7127212285995483 -0.00932462140917778 0.003565474646165967 0.010546617209911346 -0.15433840453624725 -0.6356558799743652 1 frame_165.jpg

167 0.7013763785362244 0.7127212285995483 -0.00932462140917778 0.003565474646165967 0.011500585824251175 -0.15350566804409027 -0.6877893209457397 1 frame_166.jpg

168 0.7013763785362244 0.7127212285995483 -0.00932462140917778 0.003565474646165967 0.012432572431862354 -0.15269210934638977 -0.738721489906311 1 frame_167.jpg

169 0.7013763785362244 0.7127212285995483 -0.00932462140917778 0.003565474646165967 0.01334221102297306 -0.1518980711698532 -0.7884323596954346 1 frame_168.jpg

170 0.7013763785362244 0.7127212285995483 -0.00932462140917778 0.003565474646165967 0.014229117892682552 -0.15112386643886566 -0.8369010090827942 1 frame_169.jpg

171 0.7013763785362244 0.7127212285995483 -0.00932462140917778 0.003565474646165967 0.015093013644218445 -0.15036974847316742 -0.8841120600700378 1 frame_170.jpg

172 0.7013763785362244 0.7127212285995483 -0.00932462140917778 0.003565474646165967 0.015933549031615257 -0.14963603019714355 -0.930046558380127 1 frame_171.jpg

173 0.7013763785362244 0.7127212285995483 -0.00932462140917778 0.003565474646165967 0.016750376671552658 -0.14892300963401794 -0.9746853709220886 1 frame_172.jpg

174 0.7013763785362244 0.7127212285995483 -0.00932462140917778 0.003565474646165967 0.017543146386742592 -0.14823098480701447 -1.0180094242095947 1 frame_173.jpg

175 0.7013763785362244 0.7127212285995483 -0.00932462140917778 0.003565474646165967 0.018311578780412674 -0.14756019413471222 -1.0600035190582275 1 frame_174.jpg

176 0.7013763785362244 0.7127212285995483 -0.00932462140917778 0.003565474646165967 0.019055308774113655 -0.14691098034381866 -1.1006476879119873 1 frame_175.jpg

177 0.7013763785362244 0.7127212285995483 -0.00932462140917778 0.003565474646165967 0.0197739340364933 -0.14628367125988007 -1.1399198770523071 1 frame_176.jpg

178 0.7013763785362244 0.7127212285995483 -0.00932462140917778 0.003565474646165967 0.020467227324843407 -0.14567849040031433 -1.1778076887130737 1 frame_177.jpg

179 0.7013763785362244 0.7127212285995483 -0.00932462140917778 0.003565474646165967 0.021134737879037857 -0.1450957953929901 -1.21428644657135 1 frame_178.jpg

180 0.7013763785362244 0.7127212285995483 -0.00932462140917778 0.003565474646165967 0.02177625149488449 -0.14453580975532532 -1.2493445873260498 1 frame_179.jpg

181 0.7013763785362244 0.7127212285995483 -0.00932462140917778 0.003565474646165967 0.02239135466516018 -0.1439988762140274 -1.2829593420028687 1 frame_180.jpg

182 0.7013763785362244 0.7127212285995483 -0.00932462140917778 0.003565474646165967 0.02297976426780224 -0.14348523318767548 -1.3151153326034546 1 frame_181.jpg

183 0.7013763785362244 0.7127212285995483 -0.00932462140917778 0.003565474646165967 0.02354106307029724 -0.14299526810646057 -1.3457897901535034 1 frame_182.jpg

184 0.7013763785362244 0.7127212285995483 -0.00932462140917778 0.003565474646165967 0.024074938148260117 -0.14252923429012299 -1.3749655485153198 1 frame_183.jpg

185 0.7013763785362244 0.7127212285995483 -0.00932462140917778 0.003565474646165967 0.024581143632531166 -0.14208735525608063 -1.4026292562484741 1 frame_184.jpg

186 0.7013763785362244 0.7127212285995483 -0.00932462140917778 0.003565474646165967 0.025059226900339127 -0.14167003333568573 -1.4287559986114502 1 frame_185.jpg

187 0.7013763785362244 0.7127212285995483 -0.00932462140917778 0.003565474646165967 0.02550894394516945 -0.1412774622440338 -1.453332543373108 1 frame_186.jpg

188 0.7013763785362244 0.7127212285995483 -0.00932462140917778 0.003565474646165967 0.025929909199476242 -0.14090998470783234 -1.4763379096984863 1 frame_187.jpg

189 0.7013763785362244 0.7127212285995483 -0.00932462140917778 0.003565474646165967 0.02632177621126175 -0.14056792855262756 -1.4977531433105469 1 frame_188.jpg

190 0.7013763785362244 0.7127212285995483 -0.00932462140917778 0.003565474646165967 0.026684194803237915 -0.14025156199932098 -1.5175589323043823 1 frame_189.jpg

191 0.7013763785362244 0.7127212285995483 -0.00932462140917778 0.003565474646165967 0.027016954496502876 -0.13996107876300812 -1.5357439517974854 1 frame_190.jpg

192 0.7013763785362244 0.7127212285995483 -0.00932462140917778 0.003565474646165967 0.027319567278027534 -0.13969692587852478 -1.5522814989089966 1 frame_191.jpg

193 0.7013763785362244 0.7127212285995483 -0.00932462140917778 0.003565474646165967 0.027591686695814133 -0.13945938646793365 -1.567152500152588 1 frame_192.jpg

194 0.7013763785362244 0.7127212285995483 -0.00932462140917778 0.003565474646165967 0.02783310040831566 -0.13924865424633026 -1.5803455114364624 1 frame_193.jpg

195 0.7013763785362244 0.7127212285995483 -0.00932462140917778 0.003565474646165967 0.028043461963534355 -0.13906502723693848 -1.5918415784835815 1 frame_194.jpg

196 0.7013763785362244 0.7127212285995483 -0.00932462140917778 0.003565474646165967 0.02822231501340866 -0.13890889286994934 -1.6016157865524292 1 frame_195.jpg

197 0.7013763785362244 0.7127212285995483 -0.00932462140917778 0.003565474646165967 0.02836945280432701 -0.13878045976161957 -1.6096566915512085 1 frame_196.jpg

198 0.7013763785362244 0.7127212285995483 -0.00932462140917778 0.003565474646165967 0.028484489768743515 -0.13868004083633423 -1.6159433126449585 1 frame_197.jpg

199 0.7013763785362244 0.7127212285995483 -0.00932462140917778 0.003565474646165967 0.02856704406440258 -0.13860797882080078 -1.6204547882080078 1 frame_198.jpg

200 0.7013763785362244 0.7127212285995483 -0.00932462140917778 0.003565474646165967 0.028616834431886673 -0.13856451213359833 -1.6231757402420044 1 frame_199.jpg

201 0.7013763785362244 0.7127212285995483 -0.00932462140917778 0.003565474646165967 0.02863347716629505 -0.13854998350143433 -1.6240853071212769 1 frame_200.jpg

202 0.7013763785362244 0.7127212285995483 -0.00932462140917778 0.003565474646165967 0.02863347716629505 -0.13854998350143433 -1.6240853071212769 1 frame_201.jpg

203 0.7013763785362244 0.7127212285995483 -0.00932462140917778 0.003565474646165967 0.02863347716629505 -0.13854998350143433 -1.6240853071212769 1 frame_202.jpg

204 0.7013763785362244 0.7127212285995483 -0.00932462140917778 0.003565474646165967 0.02863347716629505 -0.13854998350143433 -1.6240853071212769 1 frame_203.jpg

205 0.7013763785362244 0.7127212285995483 -0.00932462140917778 0.003565474646165967 0.02863347716629505 -0.13854998350143433 -1.6240853071212769 1 frame_204.jpg

206 0.7013763785362244 0.7127212285995483 -0.00932462140917778 0.003565474646165967 0.02863347716629505 -0.13854998350143433 -1.6240853071212769 1 frame_205.jpg

207 0.7013763785362244 0.7127212285995483 -0.00932462140917778 0.003565474646165967 0.02863347716629505 -0.13854998350143433 -1.6240853071212769 1 frame_206.jpg

208 0.7013763785362244 0.7127212285995483 -0.00932462140917778 0.003565474646165967 0.02863347716629505 -0.13854998350143433 -1.6240853071212769 1 frame_207.jpg

209 0.7013763785362244 0.7127212285995483 -0.00932462140917778 0.003565474646165967 0.02863347716629505 -0.13854998350143433 -1.6240853071212769 1 frame_208.jpg

210 0.7013763785362244 0.7127212285995483 -0.00932462140917778 0.003565474646165967 0.02863347716629505 -0.13854998350143433 -1.6240853071212769 1 frame_209.jpg

211 0.7013763785362244 0.7127212285995483 -0.00932462140917778 0.003565474646165967 0.02863347716629505 -0.13854998350143433 -1.6240853071212769 1 frame_210.jpg

212 0.7013763785362244 0.7127212285995483 -0.00932462140917778 0.003565474646165967 0.02863347716629505 -0.13854998350143433 -1.6240853071212769 1 frame_211.jpg

213 0.7013763785362244 0.7127212285995483 -0.00932462140917778 0.003565474646165967 0.02863347716629505 -0.13854998350143433 -1.6240853071212769 1 frame_212.jpg

214 0.7013763785362244 0.7127212285995483 -0.00932462140917778 0.003565474646165967 0.02863347716629505 -0.13854998350143433 -1.6240853071212769 1 frame_213.jpg

215 0.7013763785362244 0.7127212285995483 -0.00932462140917778 0.003565474646165967 0.02863347716629505 -0.13854998350143433 -1.6240853071212769 1 frame_214.jpg

216 0.7013763785362244 0.7127212285995483 -0.00932462140917778 0.003565474646165967 0.02863347716629505 -0.13854998350143433 -1.6240853071212769 1 frame_215.jpg

217 0.7013763785362244 0.7127212285995483 -0.00932462140917778 0.003565474646165967 0.02863347716629505 -0.13854998350143433 -1.6240853071212769 1 frame_216.jpg

218 0.7013763785362244 0.7127212285995483 -0.00932462140917778 0.003565474646165967 0.02863347716629505 -0.13854998350143433 -1.6240853071212769 1 frame_217.jpg

219 0.7013763785362244 0.7127212285995483 -0.00932462140917778 0.003565474646165967 0.02863347716629505 -0.13854998350143433 -1.6240853071212769 1 frame_218.jpg

220 0.7013763785362244 0.7127212285995483 -0.00932462140917778 0.003565474646165967 0.02863347716629505 -0.13854998350143433 -1.6240853071212769 1 frame_219.jpg

221 0.7013763785362244 0.7127212285995483 -0.00932462140917778 0.003565474646165967 0.02863347716629505 -0.13854998350143433 -1.6240853071212769 1 frame_220.jpg

222 0.7013763785362244 0.7127212285995483 -0.00932462140917778 0.003565474646165967 0.02863347716629505 -0.13854998350143433 -1.6240853071212769 1 frame_221.jpg

223 0.7013763785362244 0.7127212285995483 -0.00932462140917778 0.003565474646165967 0.02863347716629505 -0.13854998350143433 -1.6240853071212769 1 frame_222.jpg

224 0.7013763785362244 0.7127212285995483 -0.00932462140917778 0.003565474646165967 0.02863347716629505 -0.13854998350143433 -1.6240853071212769 1 frame_223.jpg

225 0.7013763785362244 0.7127212285995483 -0.00932462140917778 0.003565474646165967 0.02863347716629505 -0.13854998350143433 -1.6240853071212769 1 frame_224.jpg

226 0.7013763785362244 0.7127212285995483 -0.00932462140917778 0.003565474646165967 0.02863347716629505 -0.13854998350143433 -1.6240853071212769 1 frame_225.jpg

227 0.7013763785362244 0.7127212285995483 -0.00932462140917778 0.003565474646165967 0.02863347716629505 -0.13854998350143433 -1.6240853071212769 1 frame_226.jpg

228 0.7013763785362244 0.7127212285995483 -0.00932462140917778 0.003565474646165967 0.02863347716629505 -0.13854998350143433 -1.6240853071212769 1 frame_227.jpg

229 0.7013763785362244 0.7127212285995483 -0.00932462140917778 0.003565474646165967 0.02863347716629505 -0.13854998350143433 -1.6240853071212769 1 frame_228.jpg

230 0.7013763785362244 0.7127212285995483 -0.00932462140917778 0.003565474646165967 0.02863347716629505 -0.13854998350143433 -1.6240853071212769 1 frame_229.jpg

231 0.7013763785362244 0.7127212285995483 -0.00932462140917778 0.003565474646165967 0.02863347716629505 -0.13854998350143433 -1.6240853071212769 1 frame_230.jpg

232 0.7013763785362244 0.7127212285995483 -0.00932462140917778 0.003565474646165967 0.02863347716629505 -0.13854998350143433 -1.6240853071212769 1 frame_231.jpg

233 0.7013763785362244 0.7127212285995483 -0.00932462140917778 0.003565474646165967 0.02863347716629505 -0.13854998350143433 -1.6240853071212769 1 frame_232.jpg

234 0.7013763785362244 0.7127212285995483 -0.00932462140917778 0.003565474646165967 0.02863347716629505 -0.13854998350143433 -1.6240853071212769 1 frame_233.jpg

235 0.7013763785362244 0.7127212285995483 -0.00932462140917778 0.003565474646165967 0.02863347716629505 -0.13854998350143433 -1.6240853071212769 1 frame_234.jpg

236 0.7013763785362244 0.7127212285995483 -0.00932462140917778 0.003565474646165967 0.02863347716629505 -0.13854998350143433 -1.6240853071212769 1 frame_235.jpg

237 0.7013763785362244 0.7127212285995483 -0.00932462140917778 0.003565474646165967 0.02863347716629505 -0.13854998350143433 -1.6240853071212769 1 frame_236.jpg

238 0.7013763785362244 0.7127212285995483 -0.00932462140917778 0.003565474646165967 0.02863347716629505 -0.13854998350143433 -1.6240853071212769 1 frame_237.jpg

239 0.7013763785362244 0.7127212285995483 -0.00932462140917778 0.003565474646165967 0.02863347716629505 -0.13854998350143433 -1.6240853071212769 1 frame_238.jpg

240 0.7013763785362244 0.7127212285995483 -0.00932462140917778 0.003565474646165967 0.02863347716629505 -0.13854998350143433 -1.6240853071212769 1 frame_239.jpg

241 0.7013763785362244 0.7127212285995483 -0.00932462140917778 0.003565474646165967 0.02863347716629505 -0.13854998350143433 -1.6240853071212769 1 frame_240.jpg

242 0.7013763785362244 0.7127212285995483 -0.00932462140917778 0.003565474646165967 0.02863347716629505 -0.13854998350143433 -1.6240853071212769 1 frame_241.jpg

243 0.7013763785362244 0.7127212285995483 -0.00932462140917778 0.003565474646165967 0.02863347716629505 -0.13854998350143433 -1.6240853071212769 1 frame_242.jpg

244 0.7013763785362244 0.7127212285995483 -0.00932462140917778 0.003565474646165967 0.02863347716629505 -0.13854998350143433 -1.6240853071212769 1 frame_243.jpg

245 0.7013763785362244 0.7127212285995483 -0.00932462140917778 0.003565474646165967 0.02863347716629505 -0.13854998350143433 -1.6240853071212769 1 frame_244.jpg

246 0.7013763785362244 0.7127212285995483 -0.00932462140917778 0.003565474646165967 0.02863347716629505 -0.13854998350143433 -1.6240853071212769 1 frame_245.jpg

247 0.7013763785362244 0.7127212285995483 -0.00932462140917778 0.003565474646165967 0.02863347716629505 -0.13854998350143433 -1.6240853071212769 1 frame_246.jpg

248 0.7013763785362244 0.7127212285995483 -0.00932462140917778 0.003565474646165967 0.02863347716629505 -0.13854998350143433 -1.6240853071212769 1 frame_247.jpg

249 0.7013763785362244 0.7127212285995483 -0.00932462140917778 0.003565474646165967 0.02863347716629505 -0.13854998350143433 -1.6240853071212769 1 frame_248.jpg

250 0.7013763785362244 0.7127212285995483 -0.00932462140917778 0.003565474646165967 0.02863347716629505 -0.13854998350143433 -1.6240853071212769 1 frame_249.jpg

251 0.7013763785362244 0.7127212285995483 -0.00932462140917778 0.003565474646165967 0.02863347716629505 -0.13854998350143433 -1.6240853071212769 1 frame_250.jpg

