1 0.7071067690849304 0.7071067094802856 0.00026076717767864466 0.0002606828638818115 0.0011274531716480851 -10.37415599822998 0.0 1 frame_1.jpg
2 0.7071067094802856 0.7071067690849304 0.0002759899653028697 0.00027594779385253787 0.001128099742345512 -10.37343978881836 0.0 1 frame_2.jpg
3 0.7071067094802856 0.7071067094802856 0.0003014385001733899 0.00030131207313388586 0.0011291762348264456 -10.372247695922852 0.0 1 frame_3.jpg
4 0.7071067094802856 0.7071066498756409 0.00033691804856061935 0.00033679159241728485 0.0011306805536150932 -10.370582580566406 0.0 1 frame_4.jpg
5 0.7071067094802856 0.7071065902709961 0.00038241990841925144 0.00038233562372624874 0.0011326104868203402 -10.368446350097656 0.0 1 frame_5.jpg
6 0.7071066498756409 0.7071066498756409 0.0004379203892312944 0.00043787824688479304 0.00113496498670429 -10.365839958190918 0.0 1 frame_6.jpg
7 0.7071065902709961 0.7071065902709961 0.0005033897468820214 0.0005033897468820214 0.0011377414921298623 -10.36276626586914 0.0 1 frame_7.jpg
8 0.7071065902709961 0.7071064710617065 0.0005788761773146689 0.0005787918344140053 0.0011409391881898046 -10.35922622680664 0.0 1 frame_8.jpg
9 0.7071064710617065 0.7071064114570618 0.000664185150526464 0.0006641008076258004 0.001144555862993002 -10.355222702026367 0.0 1 frame_9.jpg
10 0.707106351852417 0.707106351852417 0.0007592926849611104 0.000759250542614609 0.0011485896538943052 -10.350757598876953 0.0 1 frame_10.jpg
11 0.7071062922477722 0.7071061730384827 0.0008642622851766646 0.0008641780004836619 0.0011530384654179215 -10.345831871032715 0.0 1 frame_11.jpg
12 0.7071061134338379 0.7071060538291931 0.0009789351606741548 0.0009788930183276534 0.0011579012498259544 -10.340448379516602 0.0 1 frame_12.jpg
13 0.7071059346199036 0.7071058750152588 0.0011033894261345267 0.0011033471673727036 0.0011631767265498638 -10.334609031677246 0.0 1 frame_13.jpg
14 0.7071056962013245 0.7071056365966797 0.0012375205988064408 0.0012374361976981163 0.0011688625672832131 -10.328314781188965 0.0 1 frame_14.jpg
15 0.7071053981781006 0.7071054577827454 0.0013812207616865635 0.0013811786193400621 0.001174956327304244 -10.321569442749023 0.0 1 frame_15.jpg
16 0.7071051597595215 0.7071050405502319 0.0015345894498750567 0.0015345050487667322 0.0011814575409516692 -10.314372062683105 0.0 1 frame_16.jpg
17 0.7071048021316528 0.7071046829223633 0.0016974530881270766 0.0016974109457805753 0.0011883627157658339 -10.306727409362793 0.0 1 frame_17.jpg
18 0.7071043252944946 0.7071042656898499 0.0018699313513934612 0.0018698048079386353 0.0011956728994846344 -10.298635482788086 0.0 1 frame_18.jpg
19 0.7071037888526917 0.7071037888526917 0.002051758114248514 0.002051715971902013 0.0012033834354951978 -10.290099143981934 0.0 1 frame_19.jpg
20 0.7071031928062439 0.7071031928062439 0.002243089722469449 0.0022430475801229477 0.0012114947894588113 -10.281120300292969 0.0 1 frame_20.jpg
21 0.7071025967597961 0.7071025371551514 0.0024437943939119577 0.0024437522515654564 0.001220004167407751 -10.271700859069824 0.0 1 frame_21.jpg
22 0.7071018218994141 0.7071017622947693 0.0026538576930761337 0.0026538153178989887 0.0012289092410355806 -10.261841773986816 0.0 1 frame_22.jpg
23 0.7071000337600708 0.7071000337600708 0.003088277531787753 0.0030882353894412518 0.0011215584818273783 -10.251546859741211 0.0 1 frame_23.jpg
24 0.7070973515510559 0.7070972919464111 0.0036581228487193584 0.0036579964216798544 0.0009462040616199374 -10.24081802368164 0.0 1 frame_24.jpg
25 0.7070939540863037 0.7070940136909485 0.004250843543559313 0.004250801634043455 0.0007637786911800504 -10.229655265808105 0.0 1 frame_25.jpg
26 0.7070900797843933 0.7070900201797485 0.0048665497452020645 0.0048664226196706295 0.0005743133369833231 -10.218061447143555 0.0 1 frame_26.jpg
27 0.7070853114128113 0.707085371017456 0.0055049411021173 0.005504898726940155 0.00037783151492476463 -10.206039428710938 0.0 1 frame_27.jpg
28 0.7070798873901367 0.7070798873901367 0.006166120525449514 0.006166036240756512 0.00017436040798202157 -10.193589210510254 0.0 1 frame_28.jpg
29 0.7070736289024353 0.7070735692977905 0.006849907338619232 0.006849780213087797 -3.606302198022604e-05 -10.180713653564453 0.0 1 frame_29.jpg
30 0.7070664167404175 0.7070663571357727 0.007556188851594925 0.007556104566901922 -0.00025342090521007776 -10.167413711547852 0.0 1 frame_30.jpg
31 0.7070581912994385 0.7070582509040833 0.00828480627387762 0.008284722454845905 -0.00047765130875632167 -10.153693199157715 0.0 1 frame_31.jpg
32 0.7070490717887878 0.7070489525794983 0.009035743772983551 0.009035659953951836 -0.0007087384583428502 -10.13955307006836 0.0 1 frame_32.jpg
33 0.7070388197898865 0.7070387005805969 0.009808965027332306 0.009808838367462158 -0.0009466744959354401 -10.124994277954102 0.0 1 frame_33.jpg
34 0.7070272564888 0.7070273160934448 0.010604143142700195 0.010604058392345905 -0.0011913739144802094 -10.110021591186523 0.0 1 frame_34.jpg
35 0.7070145606994629 0.7070145606994629 0.01142146997153759 0.011421343311667442 -0.0014428679132834077 -10.094632148742676 0.0 1 frame_35.jpg
36 0.7069950699806213 0.7069951295852661 0.012567632831633091 0.012567590922117233 -0.002179402858018875 -10.078847885131836 0.0 1 frame_36.jpg
37 0.7069728374481201 0.7069728374481201 0.013763632625341415 0.013763547874987125 -0.002966279862448573 -10.062654495239258 0.0 1 frame_37.jpg
38 0.7069478631019592 0.7069478631019592 0.014989731833338737 0.014989648014307022 -0.003772979136556387 -10.046053886413574 0.0 1 frame_38.jpg
39 0.7069200873374939 0.7069201469421387 0.016245635226368904 0.016245633363723755 -0.004599356092512608 -10.029047012329102 0.0 1 frame_39.jpg
40 0.7068893909454346 0.7068894505500793 0.017531409859657288 0.017531324177980423 -0.0054453699849545956 -10.011636734008789 0.0 1 frame_40.jpg
41 0.7068555951118469 0.7068555951118469 0.018846817314624786 0.018846774473786354 -0.006310969591140747 -9.993824005126953 0.0 1 frame_41.jpg
42 0.7068184614181519 0.7068184018135071 0.020191701129078865 0.020191572606563568 -0.007195957005023956 -9.975611686706543 0.0 1 frame_42.jpg
43 0.706777811050415 0.7067778706550598 0.021565867587924004 0.02156578190624714 -0.008100315928459167 -9.956999778747559 0.0 1 frame_43.jpg
44 0.7067355513572693 0.7067356109619141 0.0229094997048378 0.022909456863999367 -0.009321753866970539 -9.93801212310791 0.0 1 frame_44.jpg
45 0.7066915035247803 0.7066914439201355 0.02423141896724701 0.024231331422924995 -0.01081651821732521 -9.918644905090332 0.0 1 frame_45.jpg
46 0.7066439986228943 0.7066438794136047 0.025580087676644325 0.02558000013232231 -0.012341497465968132 -9.898885726928711 0.0 1 frame_46.jpg
47 0.706592857837677 0.7065927982330322 0.026955468580126762 0.026955340057611465 -0.013896530494093895 -9.878738403320312 0.0 1 frame_47.jpg
48 0.7065379619598389 0.7065379023551941 0.028357384726405144 0.028357340022921562 -0.015481523238122463 -9.858201026916504 0.0 1 frame_48.jpg
49 0.7064791917800903 0.7064791321754456 0.02978583052754402 0.02978583052754402 -0.017096348106861115 -9.837278366088867 0.0 1 frame_49.jpg
50 0.7064200639724731 0.7064201235771179 0.031155137345194817 0.031155094504356384 -0.018825894221663475 -9.81597900390625 0.0 1 frame_50.jpg
51 0.7063744068145752 0.7063742876052856 0.03217553347349167 0.03217548877000809 -0.020958563312888145 -9.794331550598145 0.0 1 frame_51.jpg
52 0.7063263654708862 0.7063262462615967 0.03321385383605957 0.03321381285786629 -0.023128632456064224 -9.772302627563477 0.0 1 frame_52.jpg
53 0.7062758803367615 0.7062758207321167 0.03427010029554367 0.03427005559206009 -0.02533595822751522 -9.749897003173828 0.0 1 frame_53.jpg
54 0.7062229514122009 0.7062228918075562 0.03534410148859024 0.03534401208162308 -0.027580194175243378 -9.727116584777832 0.0 1 frame_54.jpg
55 0.7061712741851807 0.7061712145805359 0.036361318081617355 0.03636122867465019 -0.029877185821533203 -9.703963279724121 0.0 1 frame_55.jpg
56 0.7061673402786255 0.706167459487915 0.036436423659324646 0.0364362932741642 -0.032415010035037994 -9.680458068847656 0.0 1 frame_56.jpg
57 0.7061634659767151 0.7061634659767151 0.03651266545057297 0.036512620747089386 -0.034992679953575134 -9.656583786010742 0.0 1 frame_57.jpg
58 0.7061594724655151 0.7061594128608704 0.036590106785297394 0.03659006208181381 -0.03761009871959686 -9.632341384887695 0.0 1 frame_58.jpg
59 0.7061553001403809 0.7061554193496704 0.036668721586465836 0.036668676882982254 -0.04026687517762184 -9.607734680175781 0.0 1 frame_59.jpg
60 0.7062244415283203 0.7062243223190308 0.03531495854258537 0.03531487658619881 -0.042812902480363846 -9.582747459411621 0.0 1 frame_60.jpg
61 0.7063088417053223 0.7063088417053223 0.033583588898181915 0.033583544194698334 -0.04535830020904541 -9.557392120361328 0.0 1 frame_61.jpg
62 0.7063901424407959 0.7063901424407959 0.031827960163354874 0.031827833503484726 -0.04793977737426758 -9.531679153442383 0.0 1 frame_62.jpg
63 0.7064809799194336 0.7064809799194336 0.02974276803433895 0.02974272519350052 -0.050465188920497894 -9.505599975585938 0.0 1 frame_63.jpg
64 0.7066501975059509 0.7066501379013062 0.02540702559053898 0.025406980887055397 -0.05235482007265091 -9.479104995727539 0.0 1 frame_64.jpg
65 0.7067945599555969 0.7067945003509521 0.02101209945976734 0.021011972799897194 -0.05426983907818794 -9.452254295349121 0.0 1 frame_65.jpg
66 0.7069128751754761 0.7069128751754761 0.016558457165956497 0.016558414325118065 -0.05621002987027168 -9.425049781799316 0.0 1 frame_66.jpg
67 0.7070410847663879 0.7070411443710327 0.009637389332056046 0.009637262672185898 -0.05694016069173813 -9.397439002990723 0.0 1 frame_67.jpg
68 0.7071033120155334 0.7071033120155334 0.0022063464857637882 0.0022063041105866432 -0.057463955134153366 -9.369466781616211 0.0 1 frame_68.jpg
69 0.7070868015289307 0.7070868015289307 -0.005316987633705139 -0.005316987633705139 -0.05799424275755882 -9.341147422790527 0.0 1 frame_69.jpg
70 0.7069507837295532 0.7069506645202637 -0.014854298904538155 -0.014854381792247295 -0.056731224060058594 -9.31251335144043 0.0 1 frame_70.jpg
71 0.706669807434082 0.7066699266433716 -0.024853501468896866 -0.024853583425283432 -0.05512538552284241 -9.283539772033691 0.0 1 frame_71.jpg
72 0.70624178647995 0.7062416672706604 -0.03496552258729935 -0.03496560454368591 -0.05350060760974884 -9.25422477722168 0.0 1 frame_72.jpg
73 0.7056088447570801 0.7056089043617249 -0.046001553535461426 -0.04600163921713829 -0.04930480197072029 -9.224824905395508 0.0 1 frame_73.jpg
74 0.7047916054725647 0.7047916054725647 -0.05717300996184349 -0.05717313662171364 -0.0449957475066185 -9.19509506225586 0.0 1 frame_74.jpg
75 0.7037949562072754 0.7037949562072754 -0.0683569386601448 -0.06835697591304779 -0.040319040417671204 -9.165092468261719 0.0 1 frame_75.jpg
76 0.7026925086975098 0.7026925086975098 -0.07888777554035187 -0.07888781279325485 -0.03312285989522934 -9.135233879089355 0.0 1 frame_76.jpg
77 0.7014179229736328 0.7014178037643433 -0.08951497822999954 -0.08951505273580551 -0.025848526507616043 -9.105051040649414 0.0 1 frame_77.jpg
78 0.7001408934593201 0.7001408338546753 -0.09900881350040436 -0.0990089401602745 -0.018099311739206314 -9.074660301208496 0.0 1 frame_78.jpg
79 0.6997569799423218 0.6997570395469666 -0.10168648511171341 -0.1016865223646164 -0.008031146600842476 -9.044593811035156 0.0 1 frame_79.jpg
80 0.699358344078064 0.699358344078064 -0.10439317673444748 -0.10439322143793106 0.0021411883644759655 -9.014215469360352 0.0 1 frame_80.jpg
81 0.6989444494247437 0.6989445090293884 -0.1071290522813797 -0.1071290522813797 0.012417161837220192 -8.983528137207031 0.0 1 frame_81.jpg
82 0.7005802392959595 0.7005801796913147 -0.09585075080394745 -0.09585083276033401 0.021648630499839783 -8.952174186706543 0.0 1 frame_82.jpg
83 0.7020834684371948 0.70208340883255 -0.08413584530353546 -0.08413591980934143 0.030946409329771996 -8.920504570007324 0.0 1 frame_83.jpg
84 0.703402578830719 0.7034025192260742 -0.07228321582078934 -0.07228325307369232 0.04033464938402176 -8.88852596282959 0.0 1 frame_84.jpg
85 0.7053031325340271 0.7053031325340271 -0.05047266557812691 -0.050472747534513474 0.04471452534198761 -8.855195999145508 0.0 1 frame_85.jpg
86 0.7065646052360535 0.7065646648406982 -0.027683941647410393 -0.027683941647410393 0.048761092126369476 -8.8214750289917 0.0 1 frame_86.jpg
87 0.7070938348770142 0.7070938944816589 -0.004274296574294567 -0.0042743803933262825 0.050848573446273804 -8.787370681762695 0.0 1 frame_87.jpg
88 0.7068219184875488 0.7068219184875488 0.020068582147359848 0.020068496465682983 0.049204155802726746 -8.752822875976562 0.0 1 frame_88.jpg
89 0.7057119607925415 0.705711841583252 0.04439247399568558 0.044392384588718414 0.04717626795172691 -8.71800708770752 0.0 1 frame_89.jpg
90 0.7040099501609802 0.7040100693702698 0.06610517203807831 0.06610516458749771 0.04035792127251625 -8.683466911315918 0.0 1 frame_90.jpg
91 0.7016165852546692 0.7016165852546692 0.08794420212507248 0.0879441574215889 0.0334799699485302 -8.648624420166016 0.0 1 frame_91.jpg
92 0.6995203495025635 0.6995202302932739 0.10330251604318619 0.10330238193273544 0.022758670151233673 -8.614448547363281 0.0 1 frame_92.jpg
93 0.6971474885940552 0.6971474885940552 0.1182597354054451 0.11825969815254211 0.011821662075817585 -8.580025672912598 0.0 1 frame_93.jpg
94 0.6960719227790833 0.6960719227790833 0.12443424761295319 0.12443424016237259 -0.0012038210406899452 -8.546010971069336 0.0 1 frame_94.jpg
95 0.6953769326210022 0.6953769326210022 0.12826129794120789 0.12826120853424072 -0.014368485659360886 -8.51172924041748 0.0 1 frame_95.jpg
96 0.6963551044464111 0.6963551044464111 0.12283968925476074 0.12283960729837418 -0.02776382677257061 -8.477219581604004 0.0 1 frame_96.jpg
97 0.6983698606491089 0.6983698606491089 0.11081310361623764 0.11081305146217346 -0.04030914977192879 -8.442094802856445 0.0 1 frame_97.jpg
98 0.701238751411438 0.701238751411438 0.09090778231620789 0.09090770035982132 -0.05182790383696556 -8.406294822692871 0.0 1 frame_98.jpg
99 0.7047157287597656 0.7047156095504761 0.058101836591959 0.05810178816318512 -0.059611812233924866 -8.369253158569336 0.0 1 frame_99.jpg
100 0.7068414688110352 0.7068413496017456 0.019369859248399734 0.019369730725884438 -0.06490673124790192 -8.331561088562012 0.0 1 frame_100.jpg
101 0.7065255641937256 0.7065255641937256 -0.028663871809840202 -0.02866399846971035 -0.0643777847290039 -8.293088912963867 0.0 1 frame_101.jpg
102 0.7029363512992859 0.7029364109039307 -0.07668420672416687 -0.07668428122997284 -0.058141790330410004 -8.255086898803711 0.0 1 frame_102.jpg
103 0.6960495114326477 0.6960495710372925 -0.12455937266349792 -0.12455936521291733 -0.04850505664944649 -8.217249870300293 0.0 1 frame_103.jpg
104 0.6915735006332397 0.6915735602378845 -0.1473977267742157 -0.14739775657653809 -0.030995067209005356 -8.182109832763672 0.0 1 frame_104.jpg
105 0.6867632269859314 0.6867632865905762 -0.16839319467544556 -0.16839323937892914 -0.012777996249496937 -8.146941184997559 0.0 1 frame_105.jpg
106 0.6888657808303833 0.6888658404350281 -0.15957404673099518 -0.15957409143447876 0.005887359380722046 -8.111693382263184 0.0 1 frame_106.jpg
107 0.691055417060852 0.691055417060852 -0.14980779588222504 -0.14980782568454742 0.024690866470336914 -8.076208114624023 0.0 1 frame_107.jpg
108 0.6931201815605164 0.6931201219558716 -0.13994453847408295 -0.13994456827640533 0.04362274706363678 -8.04047966003418 0.0 1 frame_108.jpg
109 0.6965240836143494 0.6965240240097046 -0.1218779981136322 -0.12187802791595459 0.05855785682797432 -8.002840042114258 0.0 1 frame_109.jpg
110 0.7004905343055725 0.7004904747009277 -0.09650405496358871 -0.0965040847659111 0.07000088691711426 -7.963492393493652 0.0 1 frame_110.jpg
111 0.703549861907959 0.7035498023033142 -0.0708354189991951 -0.07083546370267868 0.08151888102293015 -7.923888683319092 0.0 1 frame_111.jpg
112 0.7057617902755737 0.705761730670929 -0.04359280690550804 -0.04359293356537819 0.08733783662319183 -7.883004188537598 0.0 1 frame_112.jpg
113 0.706938624382019 0.7069385051727295 -0.015423279255628586 -0.015423404052853584 0.09018032252788544 -7.8413238525390625 0.0 1 frame_113.jpg
114 0.7069957852363586 0.7069956660270691 0.012533110566437244 0.01253302488476038 0.09217014163732529 -7.799408435821533 0.0 1 frame_114.jpg
115 0.7061270475387573 0.7061269879341125 0.03721053898334503 0.037210412323474884 0.08693844079971313 -7.7574334144592285 0.0 1 frame_115.jpg
116 0.7043840289115906 0.7043840289115906 0.0619928278028965 0.06199277937412262 0.08167477697134018 -7.715202808380127 0.0 1 frame_116.jpg
117 0.7024245858192444 0.7024245262145996 0.08123890310525894 0.0812387764453888 0.0720704197883606 -7.673569679260254 0.0 1 frame_117.jpg
118 0.7002366781234741 0.700236439704895 0.0983298197388649 0.09832972288131714 0.06070706248283386 -7.632025718688965 0.0 1 frame_118.jpg
119 0.6982009410858154 0.6982007622718811 0.11187306046485901 0.11187291890382767 0.047919370234012604 -7.590672016143799 0.0 1 frame_119.jpg
120 0.6968628168106079 0.6968625783920288 0.11992667615413666 0.1199265867471695 0.03296109288930893 -7.549745559692383 0.0 1 frame_120.jpg
121 0.6956044435501099 0.6956042647361755 0.12702199816703796 0.1270219087600708 0.017820335924625397 -7.508622169494629 0.0 1 frame_121.jpg
122 0.6958392858505249 0.6958391070365906 0.1257290095090866 0.12572896480560303 0.001767164096236229 -7.4675798416137695 0.0 1 frame_122.jpg
123 0.6960728764533997 0.6960726976394653 0.12442927062511444 0.12442927062511444 -0.014374593272805214 -7.426310062408447 0.0 1 frame_123.jpg
124 0.6977574825286865 0.6977573037147522 0.11460640281438828 0.11460639536380768 -0.029202699661254883 -7.384294509887695 0.0 1 frame_124.jpg
125 0.6995255351066589 0.6995255351066589 0.10326692461967468 0.1032668724656105 -0.04387455806136131 -7.341964244842529 0.0 1 frame_125.jpg
126 0.7019898891448975 0.7019897103309631 0.08491349965333939 0.08491349220275879 -0.05567806959152222 -7.298555374145508 0.0 1 frame_126.jpg
127 0.7043120265007019 0.7043119072914124 0.06280652433633804 0.06280648708343506 -0.066019706428051 -7.254474639892578 0.0 1 frame_127.jpg
128 0.706194281578064 0.7061941623687744 0.035912372171878815 0.03591232746839523 -0.07256945222616196 -7.209592819213867 0.0 1 frame_128.jpg
129 0.7070929408073425 0.7070928812026978 0.004426870495080948 0.0044267438352108 -0.07548508048057556 -7.163939476013184 0.0 1 frame_129.jpg
130 0.7065365314483643 0.7065364718437195 -0.028392771258950233 -0.028392812237143517 -0.07475841045379639 -7.118213653564453 0.0 1 frame_130.jpg
131 0.7042680382728577 0.7042680382728577 -0.0632971003651619 -0.06329713761806488 -0.06778620183467865 -7.07253360748291 0.0 1 frame_131.jpg
132 0.7005634307861328 0.7005634307861328 -0.09597320109605789 -0.09597332775592804 -0.05947211757302284 -7.026985168457031 0.0 1 frame_132.jpg
133 0.6979733109474182 0.697973370552063 -0.11328385025262833 -0.1132839247584343 -0.04213983193039894 -6.983659744262695 0.0 1 frame_133.jpg
134 0.6949400901794434 0.6949400901794434 -0.13060735166072845 -0.13060738146305084 -0.024724647402763367 -6.940126419067383 0.0 1 frame_134.jpg
135 0.6947343945503235 0.6947343945503235 -0.13169695436954498 -0.13169704377651215 -0.00669566635042429 -6.896605014801025 0.0 1 frame_135.jpg
136 0.6963337659835815 0.6963338255882263 -0.12296029180288315 -0.1229604110121727 0.011738456785678864 -6.853012561798096 0.0 1 frame_136.jpg
137 0.6978299021720886 0.6978300213813782 -0.1141635924577713 -0.11416371166706085 0.030258014798164368 -6.8092169761657715 0.0 1 frame_137.jpg
138 0.6996591687202454 0.6996592283248901 -0.10235726088285446 -0.10235738754272461 0.04703609645366669 -6.764651298522949 0.0 1 frame_138.jpg
139 0.7026538252830505 0.7026538252830505 -0.07923122495412827 -0.07923126220703125 0.05696747079491615 -6.717709541320801 0.0 1 frame_139.jpg
140 0.7048924565315247 0.7048923969268799 -0.05591655522584915 -0.0559166744351387 0.06694256514310837 -6.670561790466309 0.0 1 frame_140.jpg
141 0.7063741087913513 0.7063742280006409 -0.032179754227399826 -0.032179877161979675 0.07419617474079132 -6.622896671295166 0.0 1 frame_141.jpg
142 0.7070649266242981 0.7070649862289429 -0.007689821533858776 -0.007689904887229204 0.07490502297878265 -6.574289321899414 0.0 1 frame_142.jpg
143 0.7069044709205627 0.7069044709205627 0.016913656145334244 0.016913529485464096 0.07561688125133514 -6.525474548339844 0.0 1 frame_143.jpg
144 0.7060330510139465 0.7060330510139465 0.03895323723554611 0.03895319253206253 0.07066304981708527 -6.476849555969238 0.0 1 frame_144.jpg
145 0.7045689821243286 0.7045689225196838 0.05985505133867264 0.05985492467880249 0.06313139945268631 -6.4282002449035645 0.0 1 frame_145.jpg
146 0.7026792168617249 0.7026793360710144 0.07900521904230118 0.07900500297546387 0.05411011353135109 -6.379671096801758 0.0 1 frame_146.jpg
147 0.7009902596473694 0.7009903192520142 0.0928044468164444 0.09280431270599365 0.04064755141735077 -6.331903457641602 0.0 1 frame_147.jpg
148 0.6990219354629517 0.6990219354629517 0.10662251710891724 0.10662238299846649 0.02713143825531006 -6.283946514129639 0.0 1 frame_148.jpg
149 0.6980887651443481 0.6980887651443481 0.11257030069828033 0.11257017403841019 0.010817759670317173 -6.23667049407959 0.0 1 frame_149.jpg
150 0.6972498297691345 0.6972498893737793 0.11765485256910324 0.1176547259092331 -0.0058650607243180275 -6.189308166503906 0.0 1 frame_150.jpg
151 0.6974157094955444 0.6974157094955444 0.1166677325963974 0.11666759103536606 -0.02268582582473755 -6.141790390014648 0.0 1 frame_151.jpg
152 0.6981982588768005 0.6981982588768005 0.11188925802707672 0.11188916862010956 -0.039615973830223083 -6.094110488891602 0.0 1 frame_152.jpg
153 0.699626088142395 0.6996262073516846 0.10258284211158752 0.10258270800113678 -0.055374711751937866 -6.045859336853027 0.0 1 frame_153.jpg
154 0.7017919421195984 0.7017918825149536 0.08653407543897629 0.08653398603200912 -0.06936454027891159 -5.9968461990356445 0.0 1 frame_154.jpg
155 0.7038928270339966 0.7038928270339966 0.06734159588813782 0.06734155118465424 -0.08165498077869415 -5.947281837463379 0.0 1 frame_155.jpg
156 0.7060050964355469 0.7060051560401917 0.03945600986480713 0.03945587947964668 -0.08907000720500946 -5.896483421325684 0.0 1 frame_156.jpg
157 0.7070352435112 0.7070351839065552 0.010059838183224201 0.010059711523354053 -0.09477058798074722 -5.845427989959717 0.0 1 frame_157.jpg
158 0.7066274881362915 0.706627607345581 -0.02602951042354107 -0.02602963335812092 -0.0920184776186943 -5.793806552886963 0.0 1 frame_158.jpg
159 0.7043713331222534 0.704371452331543 -0.06213638186454773 -0.062136415392160416 -0.08867131918668747 -5.7421112060546875 0.0 1 frame_159.jpg
160 0.7003545165061951 0.7003546357154846 -0.09748579561710358 -0.09748587012290955 -0.07384322583675385 -5.692222595214844 0.0 1 frame_160.jpg
161 0.6945427060127258 0.6945427060127258 -0.13270433247089386 -0.1327044516801834 -0.05896594375371933 -5.642168998718262 0.0 1 frame_161.jpg
162 0.6906630992889404 0.6906631588935852 -0.15160608291625977 -0.15160620212554932 -0.035817526280879974 -5.595457553863525 0.0 1 frame_162.jpg
163 0.687565267086029 0.6875653266906738 -0.16508767008781433 -0.16508778929710388 -0.009843390434980392 -5.549767017364502 0.0 1 frame_163.jpg
164 0.6848753094673157 0.6848753094673157 -0.17591428756713867 -0.17591431736946106 0.016144167631864548 -5.503894329071045 0.0 1 frame_164.jpg
165 0.6897732615470886 0.6897732615470886 -0.15560461580753326 -0.1556047797203064 0.04140782728791237 -5.457428932189941 0.0 1 frame_165.jpg
166 0.6940812468528748 0.6940813660621643 -0.1350966840982437 -0.13509675860404968 0.06674870103597641 -5.410821437835693 0.0 1 frame_166.jpg
167 0.6999942064285278 0.6999942064285278 -0.1000404953956604 -0.10004062950611115 0.08467581868171692 -5.36128044128418 0.0 1 frame_167.jpg
168 0.705197811126709 0.7051977515220642 -0.051923807710409164 -0.05192393437027931 0.09608761966228485 -5.30914306640625 0.0 1 frame_168.jpg
169 0.7070975303649902 0.7070975303649902 -0.003615643596276641 -0.003615770023316145 0.10077734291553497 -5.256382942199707 0.0 1 frame_169.jpg
170 0.7056992053985596 0.7056992053985596 0.04459407180547714 0.04459403082728386 0.09665566682815552 -5.202857971191406 0.0 1 frame_170.jpg
171 0.7019235491752625 0.7019236087799072 0.08545927703380585 0.08545923233032227 0.08622650802135468 -5.1504058837890625 0.0 1 frame_171.jpg
172 0.6969541311264038 0.696954071521759 0.11939430981874466 0.11939417570829391 0.06987636536359787 -5.098952293395996 0.0 1 frame_172.jpg
173 0.6925414800643921 0.6925415396690369 0.14278054237365723 0.14278040826320648 0.049208689481019974 -5.04904842376709 0.0 1 frame_173.jpg
174 0.6888779401779175 0.6888779997825623 0.15952156484127045 0.1595214307308197 0.025772109627723694 -5.000082969665527 0.0 1 frame_174.jpg
175 0.6872522234916687 0.6872522234916687 0.16638632118701935 0.1663861721754074 0.0006568720564246178 -4.951808929443359 0.0 1 frame_175.jpg
176 0.6868213415145874 0.6868214011192322 0.16815590858459473 0.1681557595729828 -0.025361917912960052 -4.903835296630859 0.0 1 frame_176.jpg
177 0.6886159777641296 0.6886159777641296 0.16064892709255219 0.16064879298210144 -0.05047379434108734 -4.855226993560791 0.0 1 frame_177.jpg
178 0.6913427114486694 0.6913427710533142 0.14847628772258759 0.14847616851329803 -0.07516520470380783 -4.806242942810059 0.0 1 frame_178.jpg
179 0.6956892013549805 0.6956892013549805 0.12655645608901978 0.12655633687973022 -0.09615009278059006 -4.75548791885376 0.0 1 frame_179.jpg
180 0.7000256776809692 0.700025737285614 0.09981992095708847 0.09981979429721832 -0.11539158225059509 -4.703824520111084 0.0 1 frame_180.jpg
181 0.7041993141174316 0.7041993737220764 0.06405705213546753 0.06405692547559738 -0.12745970487594604 -4.650107383728027 0.0 1 frame_181.jpg
182 0.7066865563392639 0.7066865563392639 0.024375230073928833 0.024375103414058685 -0.13656467199325562 -4.595463275909424 0.0 1 frame_182.jpg
183 0.7068735957145691 0.7068735957145691 -0.018159151077270508 -0.01815914921462536 -0.13548533618450165 -4.540302276611328 0.0 1 frame_183.jpg
184 0.7044064998626709 0.7044064402580261 -0.061737507581710815 -0.061737626791000366 -0.13053490221500397 -4.484867572784424 0.0 1 frame_184.jpg
185 0.6999525427818298 0.6999526619911194 -0.10033104568719864 -0.10033117234706879 -0.11667072772979736 -4.431319713592529 0.0 1 frame_185.jpg
186 0.6939656734466553 0.6939656734466553 -0.13568945229053497 -0.13568952679634094 -0.09718946367502213 -4.378916263580322 0.0 1 frame_186.jpg
187 0.6872420310974121 0.6872420310974121 -0.16642838716506958 -0.16642841696739197 -0.07567621022462845 -4.327409267425537 0.0 1 frame_187.jpg
188 0.6847280859947205 0.6847281455993652 -0.1764863133430481 -0.17648643255233765 -0.04470605403184891 -4.280571460723877 0.0 1 frame_188.jpg
189 0.6820611953735352 0.6820612549781799 -0.1865273416042328 -0.18652746081352234 -0.013670681044459343 -4.233634948730469 0.0 1 frame_189.jpg
190 0.6808835864067078 0.6808835864067078 -0.19078128039836884 -0.19078141450881958 0.017013022676110268 -4.186339855194092 0.0 1 frame_190.jpg
191 0.6872525811195374 0.6872525811195374 -0.16638466715812683 -0.16638478636741638 0.04569943621754646 -4.137663841247559 0.0 1 frame_191.jpg
192 0.6927579641342163 0.6927579641342163 -0.1417265683412552 -0.14172668755054474 0.07444395869970322 -4.088889122009277 0.0 1 frame_192.jpg
193 0.6992309093475342 0.6992309093475342 -0.10524319857358932 -0.10524328052997589 0.09415493905544281 -4.036492347717285 0.0 1 frame_193.jpg
194 0.7047191262245178 0.7047191262245178 -0.05805975943803787 -0.058059804141521454 0.1058640331029892 -3.9808783531188965 0.0 1 frame_194.jpg
195 0.7069951295852661 0.7069951295852661 -0.012565063312649727 -0.012565147131681442 0.11384633183479309 -3.924931764602661 0.0 1 frame_195.jpg
196 0.7066287994384766 0.706628680229187 0.02599683776497841 0.025996709242463112 0.10885702073574066 -3.868102550506592 0.0 1 frame_196.jpg
197 0.7041542530059814 0.7041542530059814 0.06455076485872269 0.06455063819885254 0.10385870188474655 -3.8111705780029297 0.0 1 frame_197.jpg
198 0.7016156315803528 0.7016156315803528 0.08795159310102463 0.08795154839754105 0.08810508996248245 -3.7561888694763184 0.0 1 frame_198.jpg
199 0.6984270811080933 0.6984270215034485 0.1104520633816719 0.11045202612876892 0.07171927392482758 -3.7012271881103516 0.0 1 frame_199.jpg
200 0.6958333849906921 0.6958334445953369 0.12576107680797577 0.12576106190681458 0.05217452347278595 -3.6472902297973633 0.0 1 frame_200.jpg
201 0.6940985918045044 0.6940984725952148 0.1350083351135254 0.13500820100307465 0.02993975207209587 -3.594214677810669 0.0 1 frame_201.jpg
202 0.6922376155853271 0.6922375559806824 0.14424674212932587 0.14424669742584229 0.00766849797219038 -3.5410516262054443 0.0 1 frame_202.jpg
203 0.6922603845596313 0.6922603845596313 0.14413736760616302 0.14413727819919586 -0.01616865023970604 -3.4884705543518066 0.0 1 frame_203.jpg
204 0.6923329830169678 0.6923330426216125 0.14378808438777924 0.14378800988197327 -0.040082432329654694 -3.435824394226074 0.0 1 frame_204.jpg
205 0.6928547620773315 0.6928547024726868 0.14125272631645203 0.14125262200832367 -0.06350648403167725 -3.3828721046447754 0.0 1 frame_205.jpg
206 0.6944631338119507 0.6944630742073059 0.13312016427516937 0.1331200748682022 -0.0856248289346695 -3.329258680343628 0.0 1 frame_206.jpg
207 0.6959781646728516 0.6959782242774963 0.12495747953653336 0.12495743483304977 -0.10777517408132553 -3.2755675315856934 0.0 1 frame_207.jpg
208 0.6979929804801941 0.6979929804801941 0.1131628006696701 0.11316275596618652 -0.12730450928211212 -3.220851421356201 0.0 1 frame_208.jpg
209 0.7003051042556763 0.7003050446510315 0.0978407934308052 0.09784065932035446 -0.14430925250053406 -3.165144920349121 0.0 1 frame_209.jpg
210 0.7022832632064819 0.7022832632064819 0.08245129883289337 0.08245120942592621 -0.16133655607700348 -3.1093649864196777 0.0 1 frame_210.jpg
211 0.7043048739433289 0.7043048143386841 0.06288602203130722 0.06288593262434006 -0.17239916324615479 -3.0521702766418457 0.0 1 frame_211.jpg
212 0.7058939337730408 0.7058939337730408 0.04139759764075279 0.04139755293726921 -0.18079164624214172 -2.9943020343780518 0.0 1 frame_212.jpg
213 0.7068282961845398 0.706828236579895 0.01984374225139618 0.019843656569719315 -0.18919464945793152 -2.936361312866211 0.0 1 frame_213.jpg
214 0.7070951461791992 0.7070951461791992 -0.004055100958794355 -0.004055184777826071 -0.1882065236568451 -2.877934694290161 0.0 1 frame_214.jpg
215 0.7065309286117554 0.7065309286117554 -0.028531251475214958 -0.028531378135085106 -0.18495497107505798 -2.8193376064300537 0.0 1 frame_215.jpg
216 0.7051177024841309 0.7051177620887756 -0.0529998242855072 -0.05299995094537735 -0.18169988691806793 -2.760676622390747 0.0 1 frame_216.jpg
217 0.7030060887336731 0.7030061483383179 -0.07604226469993591 -0.07604239135980606 -0.16861708462238312 -2.7035977840423584 0.0 1 frame_217.jpg
218 0.7001982927322388 0.700198233127594 -0.09860215336084366 -0.09860218316316605 -0.15249785780906677 -2.6469640731811523 0.0 1 frame_218.jpg
219 0.6966626644134521 0.6966625452041626 -0.12108325213193893 -0.12108337134122849 -0.13636191189289093 -2.5902719497680664 0.0 1 frame_219.jpg
220 0.6934245228767395 0.6934245824813843 -0.1384282112121582 -0.13842833042144775 -0.11564697325229645 -2.5353622436523438 0.0 1 frame_220.jpg
221 0.6914463043212891 0.6914462447166443 -0.14799335598945618 -0.14799346029758453 -0.0878993347287178 -2.483227252960205 0.0 1 frame_221.jpg
222 0.6893340349197388 0.6893340349197388 -0.15753918886184692 -0.15753930807113647 -0.060125719755887985 -2.4310436248779297 0.0 1 frame_222.jpg
223 0.6870878338813782 0.6870877742767334 -0.16706378757953644 -0.16706395149230957 -0.0323261134326458 -2.3788111209869385 0.0 1 frame_223.jpg
224 0.6869680285453796 0.6869680881500244 -0.1675555408000946 -0.16755558550357819 -0.0043678293004632 -2.3266074657440186 0.0 1 frame_224.jpg
225 0.6893227100372314 0.6893226504325867 -0.15758879482746124 -0.1575889140367508 0.023772329092025757 -2.2744405269622803 0.0 1 frame_225.jpg
226 0.6915343403816223 0.6915343403816223 -0.1475813239812851 -0.14758139848709106 0.051934223622083664 -2.222233295440674 0.0 1 frame_226.jpg
227 0.6936023235321045 0.6936023235321045 -0.13753479719161987 -0.137534961104393 0.08011829853057861 -2.169984817504883 0.0 1 frame_227.jpg
228 0.6979939341545105 0.6979939341545105 -0.11315661668777466 -0.1131567433476448 0.09887771308422089 -2.113868474960327 0.0 1 frame_228.jpg
229 0.7020168900489807 0.7020168304443359 -0.08468956500291824 -0.08468972891569138 0.1150711178779602 -2.0566654205322266 0.0 1 frame_229.jpg
230 0.7048807740211487 0.7048807740211487 -0.0560632050037384 -0.056063324213027954 0.13127543032169342 -1.999423861503601 0.0 1 frame_230.jpg
231 0.7067900896072388 0.706790030002594 -0.021161098033189774 -0.02116117998957634 0.13454563915729523 -1.9402310848236084 0.0 1 frame_231.jpg
232 0.7069505453109741 0.7069504261016846 0.014865973964333534 0.01486588828265667 0.13561248779296875 -1.8806740045547485 0.0 1 frame_232.jpg
233 0.7053408622741699 0.7053408622741699 0.049943093210458755 0.04994296282529831 0.1312071681022644 -1.8216650485992432 0.0 1 frame_233.jpg
234 0.7021756768226624 0.7021756172180176 0.0833628699183464 0.08336269855499268 0.11762948334217072 -1.7635979652404785 0.0 1 frame_234.jpg
235 0.6976034045219421 0.6976033449172974 0.11554010957479477 0.1155400276184082 0.10301568359136581 -1.705843448638916 0.0 1 frame_235.jpg
236 0.6935580372810364 0.6935579180717468 0.13775816559791565 0.13775812089443207 0.07898946106433868 -1.6511987447738647 0.0 1 frame_236.jpg
237 0.6888030767440796 0.6888030171394348 0.15984490513801575 0.1598447859287262 0.05495326966047287 -1.5965313911437988 0.0 1 frame_237.jpg
238 0.6864440441131592 0.6864438652992249 0.16968998312950134 0.1696898490190506 0.026258155703544617 -1.5441608428955078 0.0 1 frame_238.jpg
239 0.6843469142913818 0.6843467950820923 0.17795901000499725 0.1779588758945465 -0.0030405623838305473 -1.4920705556869507 0.0 1 frame_239.jpg
240 0.6848557591438293 0.6848556995391846 0.17599032819271088 0.1759902387857437 -0.03262382000684738 -1.440114140510559 0.0 1 frame_240.jpg
241 0.6864738464355469 0.6864737868309021 0.16956916451454163 0.16956910490989685 -0.06233496963977814 -1.3882083892822266 0.0 1 frame_241.jpg
242 0.6901238560676575 0.6901237964630127 0.15404252707958221 0.15404242277145386 -0.08948835730552673 -1.3349637985229492 0.0 1 frame_242.jpg
243 0.6948851943016052 0.6948851346969604 0.13089939951896667 0.1308993101119995 -0.11453549563884735 -1.280618667602539 0.0 1 frame_243.jpg
244 0.6999976634979248 0.6999974846839905 0.10001702606678009 0.10001689940690994 -0.1346115618944168 -1.224519968032837 0.0 1 frame_244.jpg
245 0.7045528888702393 0.7045528888702393 0.06004383787512779 0.06004379317164421 -0.14889994263648987 -1.1663851737976074 0.0 1 frame_245.jpg
246 0.7068953514099121 0.7068952918052673 0.0172912385314703 0.017291195690631866 -0.15652266144752502 -1.1075576543807983 0.0 1 frame_246.jpg
247 0.7064984440803528 0.7064985632896423 -0.02932296320796013 -0.029323088005185127 -0.15434172749519348 -1.047714352607727 0.0 1 frame_247.jpg
248 0.7032589316368103 0.7032589316368103 -0.07366734743118286 -0.07366746664047241 -0.14817558228969574 -0.9886112809181213 0.0 1 frame_248.jpg
249 0.6984091997146606 0.6984090805053711 -0.11056511104106903 -0.11056523025035858 -0.12860995531082153 -0.9320054054260254 0.0 1 frame_249.jpg
250 0.6916245222091675 0.6916244029998779 -0.14715838432312012 -0.14715850353240967 -0.10904338955879211 -0.8753969073295593 0.0 1 frame_250.jpg
251 0.6866822838783264 0.6866822838783264 -0.16872307658195496 -0.16872315108776093 -0.08078242838382721 -0.8230381608009338 0.0 1 frame_251.jpg
252 0.6830713152885437 0.6830712556838989 -0.182793989777565 -0.18279410898685455 -0.04814819619059563 -0.7728207111358643 0.0 1 frame_252.jpg
253 0.6791719794273376 0.6791719794273376 -0.19678784906864166 -0.19678789377212524 -0.015513963997364044 -0.7226033210754395 0.0 1 frame_253.jpg
254 0.6775648593902588 0.6775647401809692 -0.2022521048784256 -0.2022521197795868 0.017613805830478668 -0.672726035118103 0.0 1 frame_254.jpg
255 0.6798344254493713 0.6798344850540161 -0.19448664784431458 -0.1944868117570877 0.05151575431227684 -0.6233739852905273 0.0 1 frame_255.jpg
256 0.6820148229598999 0.6820148229598999 -0.18669693171977997 -0.1866970658302307 0.08541283756494522 -0.5740290284156799 0.0 1 frame_256.jpg
257 0.6841055750846863 0.6841054558753967 -0.1788843274116516 -0.17888444662094116 0.1193029060959816 -0.5246942639350891 0.0 1 frame_257.jpg
258 0.6902149319648743 0.6902148127555847 -0.15363405644893646 -0.15363410115242004 0.14518941938877106 -0.47093042731285095 0.0 1 frame_258.jpg
259 0.6961526274681091 0.6961525678634644 -0.12398196756839752 -0.12398207932710648 0.16916434466838837 -0.41611766815185547 0.0 1 frame_259.jpg
260 0.7011121511459351 0.7011120319366455 -0.0918792262673378 -0.09187934547662735 0.19122178852558136 -0.3607792258262634 0.0 1 frame_260.jpg
261 0.7057580947875977 0.7057580947875977 -0.04365239292383194 -0.04365243762731552 0.1997288465499878 -0.30159991979599 0.0 1 frame_261.jpg
262 0.7070901393890381 0.7070900201797485 0.004859346896409988 0.004859220236539841 0.20783647894859314 -0.24244455993175507 0.0 1 frame_262.jpg
263 0.7047533988952637 0.7047532200813293 0.05764332041144371 0.05764319375157356 0.19809624552726746 -0.1834990382194519 0.0 1 frame_263.jpg
264 0.6989542245864868 0.6989541053771973 0.10706578940153122 0.10706570744514465 0.18585874140262604 -0.1253131628036499 0.0 1 frame_264.jpg
265 0.692646861076355 0.6926466226577759 0.14226913452148438 0.14226913452148438 0.1621769368648529 -0.07051946222782135 0.0 1 frame_265.jpg
266 0.6866423487663269 0.6866422295570374 0.16888567805290222 0.16888558864593506 0.13614222407341003 -0.016955219209194183 0.0 1 frame_266.jpg
267 0.6836479306221008 0.683647871017456 0.18062548339366913 0.18062543869018555 0.10588322579860687 0.034432072192430496 0.0 1 frame_267.jpg
268 0.6828396320343018 0.6828394532203674 0.18365778028964996 0.18365764617919922 0.07549400627613068 0.08570203185081482 0.0 1 frame_268.jpg
269 0.6848000884056091 0.6848000884056091 0.17620685696601868 0.1762067675590515 0.044943422079086304 0.13683722913265228 0.0 1 frame_269.jpg
270 0.6881473660469055 0.6881473064422607 0.16264459490776062 0.16264449059963226 0.016576990485191345 0.18909722566604614 0.0 1 frame_270.jpg
271 0.6928737759590149 0.6928736567497253 0.1411595642566681 0.14115943014621735 -0.00899911392480135 0.24281296133995056 0.0 1 frame_271.jpg
272 0.6972813606262207 0.6972813606262207 0.1174679771065712 0.11746788024902344 -0.03172149136662483 0.2975482642650604 0.0 1 frame_272.jpg
273 0.701526939868927 0.7015268802642822 0.08865667134523392 0.08865654468536377 -0.04767943546175957 0.35477516055107117 0.0 1 frame_273.jpg
274 0.7045807242393494 0.7045806050300598 0.05971682444214821 0.05971669778227806 -0.06362534314393997 0.41195887327194214 0.0 1 frame_274.jpg
275 0.7063797116279602 0.7063796520233154 0.032058361917734146 0.032058235257864 -0.06768498569726944 0.4710754156112671 0.0 1 frame_275.jpg
276 0.707092821598053 0.707092821598053 0.004440826829522848 0.004440742079168558 -0.07114109396934509 0.530246376991272 0.0 1 frame_276.jpg
277 0.7067819237709045 0.7067819237709045 -0.021431375294923782 -0.021431459113955498 -0.0715460255742073 0.589225709438324 0.0 1 frame_277.jpg
278 0.7058590054512024 0.7058590054512024 -0.04198872298002243 -0.04198884591460228 -0.06265445798635483 0.6477235555648804 0.0 1 frame_278.jpg
279 0.7043400406837463 0.7043399810791016 -0.06249140575528145 -0.06249144300818443 -0.05377120524644852 0.7061666250228882 0.0 1 frame_279.jpg
280 0.7022277116775513 0.7022278308868408 -0.08292239904403687 -0.08292251825332642 -0.044896114617586136 0.7645559310913086 0.0 1 frame_280.jpg
281 0.7014486193656921 0.7014485597610474 -0.08927401900291443 -0.08927410840988159 -0.026568828150629997 0.8205897808074951 0.0 1 frame_281.jpg
282 0.7007240056991577 0.7007240056991577 -0.09479375183582306 -0.09479384124279022 -0.007706703618168831 0.8764331340789795 0.0 1 frame_282.jpg
283 0.6999567747116089 0.6999568343162537 -0.1003018468618393 -0.10030197352170944 0.011135894805192947 0.9322185516357422 0.0 1 frame_283.jpg
284 0.6991472244262695 0.6991471648216248 -0.10579797625541687 -0.10579801350831985 0.02995835244655609 0.9879444241523743 0.0 1 frame_284.jpg
285 0.7010605335235596 0.7010605931282043 -0.09227169305086136 -0.09227176755666733 0.04687710478901863 1.0441986322402954 0.0 1 frame_285.jpg
286 0.703321635723114 0.7033216953277588 -0.07306572794914246 -0.073065847158432 0.06321866065263748 1.1005640029907227 0.0 1 frame_286.jpg
287 0.7053757309913635 0.7053757309913635 -0.04944811761379242 -0.04944824427366257 0.07374977320432663 1.1579113006591797 0.0 1 frame_287.jpg
288 0.7067890763282776 0.7067890167236328 -0.021196063607931137 -0.021196188405156136 0.07818786799907684 1.216288685798645 0.0 1 frame_288.jpg
289 0.7070866823196411 0.7070867419242859 0.0053254105150699615 0.0053252833895385265 0.08066605776548386 1.2745879888534546 0.0 1 frame_289.jpg
290 0.7066506147384644 0.7066506743431091 0.02539396844804287 0.025393841788172722 0.07588885724544525 1.3327935934066772 0.0 1 frame_290.jpg
291 0.7056468725204468 0.7056468725204468 0.04541457071900368 0.04541444405913353 0.07111819833517075 1.3909193277359009 0.0 1 frame_291.jpg
292 0.7046620845794678 0.7046620845794678 0.058748193085193634 0.058748066425323486 0.0609302744269371 1.4482272863388062 0.0 1 frame_292.jpg
293 0.7035225033760071 0.7035225033760071 0.07110626995563507 0.07110613584518433 0.049988750368356705 1.5053515434265137 0.0 1 frame_293.jpg
294 0.7025080919265747 0.7025081515312195 0.0805128961801529 0.08051280677318573 0.03743748366832733 1.5620323419570923 0.0 1 frame_294.jpg
295 0.7017969489097595 0.7017970085144043 0.08649270236492157 0.08649260550737381 0.02300671488046646 1.6182031631469727 0.0 1 frame_295.jpg
296 0.7010360360145569 0.7010361552238464 0.09245758503675461 0.09245745092630386 0.00859682448208332 1.6742925643920898 0.0 1 frame_296.jpg
297 0.7009690403938293 0.7009691596031189 0.09296396374702454 0.09296395629644394 -0.007006002590060234 1.7299678325653076 0.0 1 frame_297.jpg
298 0.7009135484695435 0.7009135484695435 0.0933820977807045 0.09338197112083435 -0.022604957222938538 1.7855541706085205 0.0 1 frame_298.jpg
299 0.7012099623680115 0.7012100219726562 0.09112919121980667 0.09112905710935593 -0.03774634376168251 1.8411672115325928 0.0 1 frame_299.jpg
300 0.701857328414917 0.7018573880195618 0.08600154519081116 0.08600141853094101 -0.05239804461598396 1.8968164920806885 0.0 1 frame_300.jpg
301 0.7024662494659424 0.7024662494659424 0.08087766915559769 0.0808776244521141 -0.06702570617198944 1.9523745775222778 0.0 1 frame_301.jpg
302 0.7036943435668945 0.7036944031715393 0.06938469409942627 0.06938455998897552 -0.078486368060112 2.008568286895752 0.0 1 frame_302.jpg
303 0.7047351002693176 0.7047351002693176 0.05786539241671562 0.057865265756845474 -0.08991389721632004 2.064668893814087 0.0 1 frame_303.jpg
304 0.7058645486831665 0.7058644890785217 0.04189619794487953 0.041896067559719086 -0.09804312884807587 2.121163845062256 0.0 1 frame_304.jpg
305 0.7067480683326721 0.7067481279373169 0.02251899428665638 0.022518867626786232 -0.10364745557308197 2.177933692932129 0.0 1 frame_305.jpg
306 0.7071056962013245 0.7071056365966797 0.0012549498351290822 0.0012548232916742563 -0.107346311211586 2.23464035987854 0.0 1 frame_306.jpg
307 0.7065936923027039 0.7065936923027039 -0.026933349668979645 -0.026933515444397926 -0.10410595685243607 2.2913832664489746 0.0 1 frame_307.jpg
308 0.7049626111984253 0.7049626111984253 -0.055024657398462296 -0.055024780333042145 -0.10087185353040695 2.3480165004730225 0.0 1 frame_308.jpg
309 0.7014288306236267 0.7014288306236267 -0.08942948281764984 -0.08942954987287521 -0.08682657778263092 2.4027764797210693 0.0 1 frame_309.jpg
310 0.6961418390274048 0.6961418986320496 -0.12404230237007141 -0.1240423321723938 -0.07198277115821838 2.45729398727417 0.0 1 frame_310.jpg
311 0.6913332343101501 0.6923513412475586 -0.14622996747493744 -0.14603005349636078 -0.04899408295750618 2.5083580017089844 0.0 1 frame_311.jpg
312 0.6871604323387146 0.6897585391998291 -0.16156792640686035 -0.16105760633945465 -0.021518759429454803 2.557462453842163 0.0 1 frame_312.jpg
313 0.6844094395637512 0.6889639496803284 -0.1691695749759674 -0.16820845007896423 0.00555273424834013 2.60664963722229 0.00013767977361567318 1 frame_313.jpg
314 0.6872693300247192 0.6950989961624146 -0.1501091867685318 -0.14820772409439087 0.03136264160275459 2.6563782691955566 0.0007540860679000616 1 frame_314.jpg
315 0.6895686388015747 0.7006597518920898 -0.13097018003463745 -0.12813206017017365 0.05711499974131584 2.70599627494812 0.0013691178755834699 1 frame_315.jpg
316 0.6923975348472595 0.7062140703201294 -0.10639039427042007 -0.10260780155658722 0.0753437876701355 2.7581493854522705 0.002402103040367365 1 frame_316.jpg
317 0.6951218247413635 0.7111532688140869 -0.07671390473842621 -0.07198388874530792 0.08660776913166046 2.812635660171509 0.003821521531790495 1 frame_317.jpg
318 0.6965580582618713 0.7147696614265442 -0.046964578330516815 -0.04129806160926819 0.09784570336341858 2.8669958114624023 0.005237656645476818 1 frame_318.jpg
319 0.6974670886993408 0.7159504294395447 -0.02476445958018303 -0.018477333709597588 0.10078226029872894 2.922081470489502 0.006756266579031944 1 frame_319.jpg
320 0.6979849338531494 0.7160921096801758 -0.005141828674823046 0.0016566261183470488 0.10092410445213318 2.9773240089416504 0.008306923322379589 1 frame_320.jpg
321 0.6979514956474304 0.7156693339347839 0.014437781646847725 0.0217409860342741 0.10106559097766876 3.0324339866638184 0.00985386036336422 1 frame_321.jpg
322 0.6984169483184814 0.7142747044563293 0.02774234488606453 0.035436585545539856 0.09554310142993927 3.0870535373687744 0.011094072833657265 1 frame_322.jpg
323 0.698941707611084 0.7125305533409119 0.03926529735326767 0.0473170280456543 0.08844923973083496 3.1414380073547363 0.012246420606970787 1 frame_323.jpg
324 0.6992721557617188 0.710594117641449 0.05074756219983101 0.05915362387895584 0.08137374371290207 3.195681571960449 0.013395783491432667 1 frame_324.jpg
325 0.7001708745956421 0.7083170413970947 0.058886729180812836 0.06767641007900238 0.07179970294237137 3.249366283416748 0.014063629321753979 1 frame_325.jpg
326 0.7015010118484497 0.7058584094047546 0.0647505521774292 0.07394387573003769 0.06053894758224487 3.3026175498962402 0.014403902925550938 1 frame_326.jpg
327 0.7027705907821655 0.7033489942550659 0.07059358060359955 0.08018863946199417 0.049308180809020996 3.355726718902588 0.014743269421160221 1 frame_327.jpg
328 0.70427405834198 0.7007111310958862 0.07545121014118195 0.08549315482378006 0.03766178339719772 3.408590316772461 0.014805974438786507 1 frame_328.jpg
329 0.7067266702651978 0.6977869272232056 0.07706120610237122 0.08770611137151718 0.024555040523409843 3.4609556198120117 0.013944512233138084 1 frame_329.jpg
330 0.7091569304466248 0.6948556303977966 0.07866515219211578 0.0899108499288559 0.011484881862998009 3.513174533843994 0.013085456565022469 1 frame_330.jpg
331 0.7115648984909058 0.6919172406196594 0.08026280999183655 0.09210754185914993 -0.001548695843666792 3.565247058868408 0.012228802777826786 1 frame_331.jpg
332 0.7150943279266357 0.6884928345680237 0.07888848334550858 0.09162049740552902 -0.01455177552998066 3.617119789123535 0.010113601572811604 1 frame_332.jpg
333 0.7189478874206543 0.6849050521850586 0.07658828794956207 0.09029541164636612 -0.027521483600139618 3.668834686279297 0.007609987631440163 1 frame_333.jpg
334 0.7227647304534912 0.6813045144081116 0.07429245859384537 0.08897127211093903 -0.04045133292675018 3.720390796661377 0.005114068277180195 1 frame_334.jpg
335 0.7271112203598022 0.6773636937141418 0.07070458680391312 0.08653662353754044 -0.05279865488409996 3.7718729972839355 0.0019917148165404797 1 frame_335.jpg
336 0.7328137159347534 0.6725360751152039 0.0638246089220047 0.08127547055482864 -0.06372608989477158 3.823404550552368 -0.0027329931035637856 1 frame_336.jpg
337 0.7384031414985657 0.6676358580589294 0.05695765092968941 0.07602003961801529 -0.07461963593959808 3.8747763633728027 -0.007443047594279051 1 frame_337.jpg
338 0.7438794374465942 0.6626645922660828 0.050104886293411255 0.07077134400606155 -0.08547890186309814 3.9259865283966064 -0.012138279154896736 1 frame_338.jpg
339 0.7516176700592041 0.6557095050811768 0.03760283440351486 0.06084336340427399 -0.09255674481391907 3.97733998298645 -0.01949639618396759 1 frame_339.jpg
340 0.7593562006950378 0.6482698321342468 0.02437482960522175 0.0503019280731678 -0.09911499917507172 4.028570175170898 -0.027186263352632523 1 frame_340.jpg
341 0.7667657136917114 0.6405960321426392 0.011181123554706573 0.03977535665035248 -0.10565145313739777 4.079630374908447 -0.03485057130455971 1 frame_341.jpg
342 0.7758964896202087 0.6303339004516602 -0.007794685661792755 0.02455795370042324 -0.10753200948238373 4.1303019523620605 -0.04504295811057091 1 frame_342.jpg
343 0.785430371761322 0.6181868314743042 -0.02998616360127926 0.006709363777190447 -0.10678645968437195 4.180673122406006 -0.05664318799972534 1 frame_343.jpg
344 0.7941108345985413 0.6054370403289795 -0.05206872522830963 -0.011083610355854034 -0.10604351758956909 4.230867862701416 -0.06820276379585266 1 frame_344.jpg
345 0.8032518625259399 0.589301347732544 -0.07992875576019287 -0.03349366784095764 -0.09907301515340805 4.2793169021606445 -0.08248268067836761 1 frame_345.jpg
346 0.8117918968200684 0.5700807571411133 -0.11181459575891495 -0.05915517359972 -0.08761362731456757 4.326454162597656 -0.09871140122413635 1 frame_346.jpg
347 0.8185916543006897 0.5497276782989502 -0.14335206151008606 -0.08460132032632828 -0.07619483768939972 4.373425006866455 -0.11488264054059982 1 frame_347.jpg
348 0.8226478099822998 0.5339493155479431 -0.16596530377864838 -0.10297646373510361 -0.05650798976421356 4.4156084060668945 -0.13379690051078796 1 frame_348.jpg
349 0.8253583908081055 0.5208119750022888 -0.18368440866470337 -0.11746685206890106 -0.03234067186713219 4.455116271972656 -0.15417878329753876 1 frame_349.jpg
350 0.8274807333946228 0.5073612332344055 -0.2012062668800354 -0.1318189799785614 -0.008267184719443321 4.494471073150635 -0.17448154091835022 1 frame_350.jpg
351 0.8285369873046875 0.5081682205200195 -0.19659946858882904 -0.1289965808391571 0.015955278649926186 4.533321380615234 -0.19510775804519653 1 frame_351.jpg
352 0.8288482427597046 0.5169859528541565 -0.17940384149551392 -0.11640609055757523 0.0402187742292881 4.571815490722656 -0.21588054299354553 1 frame_352.jpg
353 0.8287198543548584 0.5254955887794495 -0.1621808409690857 -0.10380349308252335 0.06438697129487991 4.610158443450928 -0.23657171428203583 1 frame_353.jpg
354 0.8269965648651123 0.5399056673049927 -0.1333266645669937 -0.0824781283736229 0.07970334589481354 4.653033256530762 -0.25532421469688416 1 frame_354.jpg
355 0.8233622312545776 0.5556502938270569 -0.09994256496429443 -0.0577826164662838 0.09162574261426926 4.697508811950684 -0.2732918858528137 1 frame_355.jpg
356 0.8181176781654358 0.5702351331710815 -0.06649525463581085 -0.03307204321026802 0.10350029170513153 4.741805553436279 -0.29118746519088745 1 frame_356.jpg
357 0.8138293623924255 0.5794640183448792 -0.04115340858697891 -0.014477361924946308 0.10622292011976242 4.788117408752441 -0.30662646889686584 1 frame_357.jpg
358 0.8090500831604004 0.5874859690666199 -0.016963832080364227 0.0032367310486733913 0.10770612955093384 4.834537506103516 -0.32168102264404297 1 frame_358.jpg
359 0.8034988641738892 0.594897449016571 0.007137510925531387 0.020870892331004143 0.10918290913105011 4.88075590133667 -0.33667027950286865 1 frame_359.jpg
360 0.8003742098808289 0.5982061624526978 0.0226216372102499 0.03222997859120369 0.10433695465326309 4.926995277404785 -0.3499543070793152 1 frame_360.jpg
361 0.7973242402076721 0.6008865833282471 0.03707534819841385 0.04283421114087105 0.09880219399929047 4.973060607910156 -0.36299681663513184 1 frame_361.jpg
362 0.7940203547477722 0.6033535003662109 0.05145146697759628 0.053376223891973495 0.09329240024089813 5.018918037414551 -0.37598055601119995 1 frame_362.jpg
363 0.7925176620483398 0.6037933230400085 0.060843899846076965 0.06039338558912277 0.08504575490951538 5.064246654510498 -0.3884521424770355 1 frame_363.jpg
364 0.7918733954429626 0.6033215522766113 0.06792247295379639 0.06577348709106445 0.07556438446044922 5.109210014343262 -0.400654673576355 1 frame_364.jpg
365 0.7911694049835205 0.6028040051460266 0.07496395707130432 0.07112421095371246 0.06612560898065567 5.153970718383789 -0.41280239820480347 1 frame_365.jpg
366 0.790942907333374 0.6018000245094299 0.08077935874462128 0.07563579082489014 0.05634450167417526 5.1984052658081055 -0.4249916672706604 1 frame_366.jpg
367 0.792538046836853 0.5992512106895447 0.08246849477291107 0.07733392715454102 0.04527658969163895 5.24222469329834 -0.4374619722366333 1 frame_367.jpg
368 0.794116199016571 0.5967020988464355 0.08415054529905319 0.0790250301361084 0.03426046296954155 5.285840034484863 -0.44987401366233826 1 frame_368.jpg
369 0.7956772446632385 0.594153106212616 0.08582527935504913 0.08070879429578781 0.02329791523516178 5.32924222946167 -0.46222564578056335 1 frame_369.jpg
370 0.7983666658401489 0.590625524520874 0.08509016782045364 0.08081980049610138 0.012471335008740425 5.372209548950195 -0.4753168523311615 1 frame_370.jpg
371 0.8019365668296814 0.5863075852394104 0.08242484927177429 0.07966961711645126 0.0017646970227360725 5.414783477783203 -0.48898619413375854 1 frame_371.jpg
372 0.8054570555686951 0.5819880962371826 0.07976950705051422 0.0785219594836235 -0.00888864230364561 5.4571452140808105 -0.5025874376296997 1 frame_372.jpg
373 0.8089276552200317 0.5776681900024414 0.07712487131357193 0.07737723737955093 -0.01948646456003189 5.499286651611328 -0.5161178708076477 1 frame_373.jpg
374 0.8137388229370117 0.5719890594482422 0.0715598464012146 0.0744096040725708 -0.02869749441742897 5.540918827056885 -0.5312920212745667 1 frame_374.jpg
375 0.8189671635627747 0.5657533407211304 0.06488990783691406 0.07074765115976334 -0.0373479500412941 5.582218170166016 -0.5470443964004517 1 frame_375.jpg
376 0.8240665197372437 0.5594815611839294 0.05824785679578781 0.06709667295217514 -0.045951880514621735 5.623295783996582 -0.5627121925354004 1 frame_376.jpg
377 0.8290385007858276 0.5531747937202454 0.05163377523422241 0.06345681101083755 -0.054510388523340225 5.664156436920166 -0.5782971978187561 1 frame_377.jpg
378 0.8352136611938477 0.5452502965927124 0.0419527068734169 0.05796698480844498 -0.06028997153043747 5.7042083740234375 -0.5962473750114441 1 frame_378.jpg
379 0.8415423035621643 0.5367700457572937 0.031403303146362305 0.05194534361362457 -0.06523329019546509 5.743866443634033 -0.6148195266723633 1 frame_379.jpg
380 0.8476192355155945 0.5281986594200134 0.02090432681143284 0.045943599194288254 -0.07014921307563782 5.783304691314697 -0.6332887411117554 1 frame_380.jpg
381 0.8534453511238098 0.5195425748825073 0.010460817255079746 0.03996488079428673 -0.07503668963909149 5.822514533996582 -0.65165114402771 1 frame_381.jpg
382 0.8598833084106445 0.5094472765922546 -0.002457835478708148 0.03252944350242615 -0.07617779076099396 5.860334873199463 -0.6725398302078247 1 frame_382.jpg
383 0.86628657579422 0.4986780285835266 -0.01629597134888172 0.024542339146137238 -0.0758511871099472 5.897480010986328 -0.6943421363830566 1 frame_383.jpg
384 0.8722975850105286 0.48776930570602417 -0.030044740065932274 0.016592983156442642 -0.07552652060985565 5.934402942657471 -0.7160141468048096 1 frame_384.jpg
385 0.8779205679893494 0.4767289161682129 -0.043699294328689575 0.008684317581355572 -0.0752037987112999 5.971105575561523 -0.7375568151473999 1 frame_385.jpg
386 0.8833382725715637 0.4651009440422058 -0.05826258286833763 0.0002545680326875299 -0.07159163802862167 6.006045818328857 -0.7607885003089905 1 frame_386.jpg
387 0.8884773254394531 0.4528867304325104 -0.07366587966680527 -0.008659743703901768 -0.06487388908863068 6.039304256439209 -0.7856038808822632 1 frame_387.jpg
388 0.8931512832641602 0.4405269920825958 -0.08893812447786331 -0.01751488819718361 -0.05819758027791977 6.072357177734375 -0.8102660179138184 1 frame_388.jpg
389 0.897365391254425 0.4280335009098053 -0.10407058894634247 -0.026305390521883965 -0.051563650369644165 6.105199813842773 -0.8347717523574829 1 frame_389.jpg
390 0.9011085033416748 0.4155121147632599 -0.11888159811496735 -0.03493298962712288 -0.044839635491371155 6.1377434730529785 -0.8591725826263428 1 frame_390.jpg
391 0.9037114977836609 0.4076715111732483 -0.12490219622850418 -0.038844428956508636 -0.03157956898212433 6.16571044921875 -0.8860305547714233 1 frame_391.jpg
392 0.9061899781227112 0.3998347818851471 -0.1308678835630417 -0.042725320905447006 -0.018407754600048065 6.193490982055664 -0.9127097725868225 1 frame_392.jpg
393 0.9085458517074585 0.3920036852359772 -0.13677829504013062 -0.04657517373561859 -0.005324198864400387 6.221085548400879 -0.9392102360725403 1 frame_393.jpg
394 0.9107808470726013 0.3841802775859833 -0.1426331251859665 -0.05039367452263832 0.00767110101878643 6.248493671417236 -0.9655319452285767 1 frame_394.jpg
395 0.9128968119621277 0.37636691331863403 -0.14843131601810455 -0.054180074483156204 0.02057691104710102 6.275712966918945 -0.9916723966598511 1 frame_395.jpg
396 0.9147446155548096 0.37719786167144775 -0.13620495796203613 -0.0491149015724659 0.03246687352657318 6.301825523376465 -1.018974781036377 1 frame_396.jpg
397 0.9164121747016907 0.3780212700366974 -0.12390251457691193 -0.04400894418358803 0.04426494985818863 6.3277435302734375 -1.0460929870605469 1 frame_397.jpg
398 0.9179039597511292 0.378771036863327 -0.11166562139987946 -0.038931455463171005 0.05597890913486481 6.353477954864502 -1.0730177164077759 1 frame_398.jpg
399 0.9192230105400085 0.3794485330581665 -0.09949759393930435 -0.03388379514217377 0.06760817021131516 6.379025936126709 -1.099747896194458 1 frame_399.jpg
400 0.9192736744880676 0.3843340575695038 -0.0810013860464096 -0.025730382651090622 0.07278718799352646 6.40629768371582 -1.1262612342834473 1 frame_400.jpg
401 0.9187261462211609 0.3896864056587219 -0.06159104034304619 -0.017128214240074158 0.07691368460655212 6.4336652755737305 -1.1525685787200928 1 frame_401.jpg
402 0.917746901512146 0.3948138356208801 -0.04229682683944702 -0.008582423441112041 0.08100926131010056 6.460827827453613 -1.1786787509918213 1 frame_402.jpg
403 0.9163464307785034 0.3997177481651306 -0.023129506036639214 -9.755879727890715e-05 0.08507370948791504 6.487784385681152 -1.2045906782150269 1 frame_403.jpg
404 0.9145261645317078 0.4044017791748047 -0.007298190146684647 0.006920849904417992 0.08502116054296494 6.515346050262451 -1.2295844554901123 1 frame_404.jpg
405 0.9124417901039124 0.40892985463142395 0.007055057678371668 0.013288196176290512 0.08323175460100174 6.5430450439453125 -1.2540831565856934 1 frame_405.jpg
406 0.9101298451423645 0.41331127285957336 0.021289648488163948 0.019600151106715202 0.08145692199468613 6.570518493652344 -1.278382420539856 1 frame_406.jpg
407 0.9075964093208313 0.4175484776496887 0.03540399670600891 0.025856174528598785 0.07969637215137482 6.5977702140808105 -1.3024861812591553 1 frame_407.jpg
408 0.9049522876739502 0.42167583107948303 0.047682005912065506 0.031262390315532684 0.07638993859291077 6.625044822692871 -1.3258411884307861 1 frame_408.jpg
409 0.9023418426513672 0.4257509112358093 0.05713842809200287 0.03536384552717209 0.07063625007867813 6.652486324310303 -1.3481323719024658 1 frame_409.jpg
410 0.899638295173645 0.42973649501800537 0.06650650501251221 0.03942563757300377 0.06493188440799713 6.679693698883057 -1.3702325820922852 1 frame_410.jpg
411 0.896844744682312 0.43363380432128906 0.07578571885824203 0.04344753548502922 0.05927653610706329 6.706666946411133 -1.3921427726745605 1 frame_411.jpg
412 0.8939647674560547 0.43744343519210815 0.08497456461191177 0.04742905870079994 0.05367051810026169 6.733404159545898 -1.413861870765686 1 frame_412.jpg
413 0.8912985920906067 0.4414404034614563 0.09078681468963623 0.04974900931119919 0.04600301384925842 6.760358810424805 -1.4341106414794922 1 frame_413.jpg
414 0.8886489868164062 0.4454173445701599 0.09603855013847351 0.05179712921380997 0.03808106854557991 6.7871413230896 -1.4539822340011597 1 frame_414.jpg
415 0.8859758377075195 0.4493338167667389 0.10123692452907562 0.05382360890507698 0.03023185208439827 6.813676834106445 -1.4736711978912354 1 frame_415.jpg
416 0.883280873298645 0.4531899094581604 0.10638146102428436 0.05582840368151665 0.022455813363194466 6.8399658203125 -1.4931766986846924 1 frame_416.jpg
417 0.880600094795227 0.4570775032043457 0.11096351593732834 0.057538699358701706 0.014590446837246418 6.866103172302246 -1.5122872591018677 1 frame_417.jpg
418 0.8781067132949829 0.4614257514476776 0.11263318359851837 0.05769450590014458 0.0058825365267694 6.892539024353027 -1.5300287008285522 1 frame_418.jpg
419 0.8756134510040283 0.46571892499923706 0.11428341269493103 0.05784720554947853 -0.00274033285677433 6.9187164306640625 -1.5475966930389404 1 frame_419.jpg
420 0.8731212019920349 0.4699569642543793 0.11591435223817825 0.05799686163663864 -0.01127815991640091 6.944636344909668 -1.5649915933609009 1 frame_420.jpg
421 0.8706309199333191 0.47414007782936096 0.11752576380968094 0.058143433183431625 -0.019729940220713615 6.97029447555542 -1.5822112560272217 1 frame_421.jpg
422 0.8681595325469971 0.47855353355407715 0.11813252419233322 0.057708095759153366 -0.028057333081960678 6.995941638946533 -1.598877191543579 1 frame_422.jpg
423 0.8657239675521851 0.48362553119659424 0.11624520272016525 0.05581580474972725 -0.036203667521476746 7.0219573974609375 -1.6144208908081055 1 frame_423.jpg
424 0.8632814288139343 0.4886247217655182 0.11437372118234634 0.053941529244184494 -0.044262856245040894 7.047696113586426 -1.629798173904419 1 frame_424.jpg
425 0.860832691192627 0.4935522973537445 0.11251791566610336 0.0520852692425251 -0.05223589017987251 7.0731587409973145 -1.645011067390442 1 frame_425.jpg
426 0.8583795428276062 0.4984075129032135 0.11067837476730347 0.05024755373597145 -0.060121290385723114 7.09834098815918 -1.6600568294525146 1 frame_426.jpg
427 0.8558500409126282 0.5037105679512024 0.1074177548289299 0.04751618579030037 -0.06745348125696182 7.123629570007324 -1.6744734048843384 1 frame_427.jpg
428 0.8531380891799927 0.5099257826805115 0.10138584673404694 0.043035510927438736 -0.07379887253046036 7.149389266967773 -1.6878327131271362 1 frame_428.jpg
429 0.8503711819648743 0.5160185694694519 0.09541267901659012 0.03860171139240265 -0.08007172495126724 7.174854278564453 -1.7010390758514404 1 frame_429.jpg
430 0.8475533723831177 0.5219886302947998 0.08950074017047882 0.0342165045440197 -0.08627042174339294 7.200018405914307 -1.7140893936157227 1 frame_430.jpg
431 0.8446877002716064 0.5278375148773193 0.08365053683519363 0.02988016977906227 -0.09239538013935089 7.22488260269165 -1.7269845008850098 1 frame_431.jpg
432 0.8415029048919678 0.5343968272209167 0.07558760792016983 0.02407125011086464 -0.09732990711927414 7.2499494552612305 -1.7390966415405273 1 frame_432.jpg
433 0.8377618193626404 0.5420147776603699 0.06417280435562134 0.016030943021178246 -0.10051979869604111 7.275467872619629 -1.750114917755127 1 frame_433.jpg
434 0.833848774433136 0.5493940711021423 0.05288589373230934 0.008088426664471626 -0.10366924107074738 7.30066442489624 -1.7609937191009521 1 frame_434.jpg
435 0.8297725319862366 0.5565394759178162 0.04172889515757561 0.0002446817234158516 -0.10677868127822876 7.325539588928223 -1.7717339992523193 1 frame_435.jpg
436 0.8255426287651062 0.5634539127349854 0.030705798417329788 -0.0074975755997002125 -0.10984788089990616 7.350093841552734 -1.7823355197906494 1 frame_436.jpg
437 0.8204317092895508 0.5712429285049438 0.016123149544000626 -0.017704585567116737 -0.110545314848423 7.374800682067871 -1.7917242050170898 1 frame_437.jpg
438 0.8142997026443481 0.5796593427658081 -0.0016837409930303693 -0.0301361083984375 -0.10908270627260208 7.399618148803711 -1.7999975681304932 1 frame_438.jpg
439 0.8077883124351501 0.5876320004463196 -0.019247399643063545 -0.042381301522254944 -0.10764001309871674 7.424098014831543 -1.808158278465271 1 frame_439.jpg
440 0.8009219169616699 0.5951681137084961 -0.03655412048101425 -0.05443141981959343 -0.10621754825115204 7.448234558105469 -1.8162046670913696 1 frame_440.jpg
441 0.7937241792678833 0.6022764444351196 -0.05359251797199249 -0.06627918779850006 -0.1048155277967453 7.472024440765381 -1.824135422706604 1 frame_441.jpg
442 0.7851516008377075 0.6095167398452759 -0.07421749085187912 -0.08073516190052032 -0.0994139313697815 7.495229244232178 -1.8300907611846924 1 frame_442.jpg
443 0.7755563259124756 0.6164148449897766 -0.09632771462202072 -0.09626065939664841 -0.09215932339429855 7.51796817779541 -1.835060954093933 1 frame_443.jpg
444 0.7654467821121216 0.6226848363876343 -0.11802225559949875 -0.1114700585603714 -0.08501426130533218 7.54036283493042 -1.8399560451507568 1 frame_444.jpg
445 0.7548621296882629 0.6283451318740845 -0.13928526639938354 -0.12635326385498047 -0.07797929644584656 7.562412738800049 -1.8447755575180054 1 frame_445.jpg
446 0.7438421845436096 0.6334142684936523 -0.16010107100009918 -0.14090028405189514 -0.0710555836558342 7.584114074707031 -1.8495190143585205 1 frame_446.jpg
447 0.7326902747154236 0.6374961733818054 -0.1806102991104126 -0.15538190305233002 -0.06049828231334686 7.603943347930908 -1.8522216081619263 1 frame_447.jpg
448 0.7213292717933655 0.640783429145813 -0.20073135197162628 -0.16966912150382996 -0.047902029007673264 7.622542381286621 -1.85371732711792 1 frame_448.jpg
449 0.709632158279419 0.6435476541519165 -0.22036844491958618 -0.18359290063381195 -0.03551708906888962 7.640829086303711 -1.8551881313323975 1 frame_449.jpg
450 0.6976360082626343 0.6458103656768799 -0.2395116239786148 -0.1971471905708313 -0.0233455877751112 7.65880012512207 -1.8566334247589111 1 frame_450.jpg
451 0.6853762865066528 0.64759361743927 -0.25815463066101074 -0.21032847464084625 -0.01138859149068594 7.676454544067383 -1.858053207397461 1 frame_451.jpg
452 0.6728886365890503 0.6489193439483643 -0.27629029750823975 -0.22313283383846283 0.0003517568111419678 7.693789482116699 -1.8594473600387573 1 frame_452.jpg
453 0.6700208783149719 0.6491591930389404 -0.28034284710884094 -0.22599159181118011 0.01187653187662363 7.710805892944336 -1.8608158826828003 1 frame_453.jpg
454 0.6700208783149719 0.6491591930389404 -0.28034284710884094 -0.22599159181118011 0.023184658959507942 7.727502346038818 -1.8621585369110107 1 frame_454.jpg
455 0.6700208783149719 0.6491591930389404 -0.28034284710884094 -0.22599159181118011 0.03427401930093765 7.7438764572143555 -1.8634755611419678 1 frame_455.jpg
456 0.6700208783149719 0.6491591930389404 -0.28034284710884094 -0.22599159181118011 0.045142460614442825 7.759923458099365 -1.8647661209106445 1 frame_456.jpg
457 0.6700208783149719 0.6491591930389404 -0.28034284710884094 -0.22599159181118011 0.05578892305493355 7.7756428718566895 -1.866030216217041 1 frame_457.jpg
458 0.6700208783149719 0.6491591930389404 -0.28034284710884094 -0.22599159181118011 0.06621447205543518 7.791036128997803 -1.8672682046890259 1 frame_458.jpg
459 0.6700208783149719 0.6491591930389404 -0.28034284710884094 -0.22599159181118011 0.07641804218292236 7.8061017990112305 -1.8684799671173096 1 frame_459.jpg
460 0.6700208783149719 0.6491591930389404 -0.28034284710884094 -0.22599159181118011 0.08639536798000336 7.820832252502441 -1.8696649074554443 1 frame_460.jpg
461 0.6700208783149719 0.6491591930389404 -0.28034284710884094 -0.22599159181118011 0.09614751487970352 7.835231781005859 -1.8708226680755615 1 frame_461.jpg
462 0.6700208783149719 0.6491591930389404 -0.28034284710884094 -0.22599159181118011 0.10567553341388702 7.849300384521484 -1.8719539642333984 1 frame_462.jpg
463 0.6700208783149719 0.6491591930389404 -0.28034284710884094 -0.22599159181118011 0.11497517675161362 7.863032341003418 -1.873058557510376 1 frame_463.jpg
464 0.6700208783149719 0.6491591930389404 -0.28034284710884094 -0.22599159181118011 0.12404751032590866 7.87642765045166 -1.8741357326507568 1 frame_464.jpg
465 0.6700208783149719 0.6491591930389404 -0.28034284710884094 -0.22599159181118011 0.13288827240467072 7.889481544494629 -1.8751857280731201 1 frame_465.jpg
466 0.6700208783149719 0.6491591930389404 -0.28034284710884094 -0.22599159181118011 0.14149850606918335 7.902194976806641 -1.8762078285217285 1 frame_466.jpg
467 0.6700208783149719 0.6491591930389404 -0.28034284710884094 -0.22599159181118011 0.14987926185131073 7.914567947387695 -1.8772029876708984 1 frame_467.jpg
468 0.6700208783149719 0.6491591930389404 -0.28034284710884094 -0.22599159181118011 0.15802419185638428 7.926595687866211 -1.8781704902648926 1 frame_468.jpg
469 0.6700208783149719 0.6491591930389404 -0.28034284710884094 -0.22599159181118011 0.1659386157989502 7.93828010559082 -1.879110336303711 1 frame_469.jpg
470 0.6700208783149719 0.6491591930389404 -0.28034284710884094 -0.22599159181118011 0.17361609637737274 7.949615478515625 -1.8800220489501953 1 frame_470.jpg
471 0.6700208783149719 0.6491591930389404 -0.28034284710884094 -0.22599159181118011 0.18105773627758026 7.960603713989258 -1.8809051513671875 1 frame_471.jpg
472 0.6700208783149719 0.6491591930389404 -0.28034284710884094 -0.22599159181118011 0.18826457858085632 7.971244812011719 -1.881761074066162 1 frame_472.jpg
473 0.6700208783149719 0.6491591930389404 -0.28034284710884094 -0.22599159181118011 0.19523131847381592 7.981531143188477 -1.8825883865356445 1 frame_473.jpg
474 0.6700208783149719 0.6491591930389404 -0.28034284710884094 -0.22599159181118011 0.2019568681716919 7.991460800170898 -1.8833870887756348 1 frame_474.jpg
475 0.6700208783149719 0.6491591930389404 -0.28034284710884094 -0.22599159181118011 0.20844760537147522 8.001043319702148 -1.884157657623291 1 frame_475.jpg
476 0.6700208783149719 0.6491591930389404 -0.28034284710884094 -0.22599159181118011 0.21469184756278992 8.010265350341797 -1.8848991394042969 1 frame_476.jpg
477 0.6700208783149719 0.6491591930389404 -0.28034284710884094 -0.22599159181118011 0.22069703042507172 8.019132614135742 -1.8856124877929688 1 frame_477.jpg
478 0.6700208783149719 0.6491591930389404 -0.28034284710884094 -0.22599159181118011 0.22645993530750275 8.027639389038086 -1.8862967491149902 1 frame_478.jpg
479 0.6700208783149719 0.6491591930389404 -0.28034284710884094 -0.22599159181118011 0.23197636008262634 8.035785675048828 -1.8869519233703613 1 frame_479.jpg
480 0.6700208783149719 0.6491591930389404 -0.28034284710884094 -0.22599159181118011 0.23724408447742462 8.043561935424805 -1.8875775337219238 1 frame_480.jpg
481 0.6700208783149719 0.6491591930389404 -0.28034284710884094 -0.22599159181118011 0.24227061867713928 8.050985336303711 -1.8881745338439941 1 frame_481.jpg
482 0.6700208783149719 0.6491591930389404 -0.28034284710884094 -0.22599159181118011 0.24704530835151672 8.058034896850586 -1.8887410163879395 1 frame_482.jpg
483 0.6700208783149719 0.6491591930389404 -0.28034284710884094 -0.22599159181118011 0.2515724301338196 8.064718246459961 -1.8892788887023926 1 frame_483.jpg
484 0.6700208783149719 0.6491591930389404 -0.28034284710884094 -0.22599159181118011 0.2558508515357971 8.071035385131836 -1.889786720275879 1 frame_484.jpg
485 0.6700208783149719 0.6491591930389404 -0.28034284710884094 -0.22599159181118011 0.2598763406276703 8.076980590820312 -1.8902654647827148 1 frame_485.jpg
486 0.6700208783149719 0.6491591930389404 -0.28034284710884094 -0.22599159181118011 0.2636510729789734 8.08255386352539 -1.8907132148742676 1 frame_486.jpg
487 0.6700208783149719 0.6491591930389404 -0.28034284710884094 -0.22599159181118011 0.2671717703342438 8.087751388549805 -1.8911314010620117 1 frame_487.jpg
488 0.6700208783149719 0.6491591930389404 -0.28034284710884094 -0.22599159181118011 0.2704417109489441 8.092578887939453 -1.8915200233459473 1 frame_488.jpg
489 0.6700208783149719 0.6491591930389404 -0.28034284710884094 -0.22599159181118011 0.2734522819519043 8.097026824951172 -1.8918771743774414 1 frame_489.jpg
490 0.6700208783149719 0.6491591930389404 -0.28034284710884094 -0.22599159181118011 0.27620673179626465 8.101091384887695 -1.8922042846679688 1 frame_490.jpg
491 0.6700208783149719 0.6491591930389404 -0.28034284710884094 -0.22599159181118011 0.2787061631679535 8.104780197143555 -1.892500400543213 1 frame_491.jpg
492 0.6700208783149719 0.6491591930389404 -0.28034284710884094 -0.22599159181118011 0.2809462249279022 8.108089447021484 -1.8927669525146484 1 frame_492.jpg
493 0.6700208783149719 0.6491591930389404 -0.28034284710884094 -0.22599159181118011 0.2829269766807556 8.111013412475586 -1.8930020332336426 1 frame_493.jpg
494 0.6700208783149719 0.6491591930389404 -0.28034284710884094 -0.22599159181118011 0.2846473157405853 8.113554000854492 -1.8932056427001953 1 frame_494.jpg
495 0.6700208783149719 0.6491591930389404 -0.28034284710884094 -0.22599159181118011 0.2861040532588959 8.115705490112305 -1.8933792114257812 1 frame_495.jpg
496 0.6700208783149719 0.6491591930389404 -0.28034284710884094 -0.22599159181118011 0.28729933500289917 8.117469787597656 -1.8935208320617676 1 frame_496.jpg
497 0.6700208783149719 0.6491591930389404 -0.28034284710884094 -0.22599159181118011 0.2882341742515564 8.118850708007812 -1.893631935119629 1 frame_497.jpg
498 0.6700208783149719 0.6491591930389404 -0.28034284710884094 -0.22599159181118011 0.28890013694763184 8.119834899902344 -1.8937110900878906 1 frame_498.jpg
499 0.6700208783149719 0.6491591930389404 -0.28034284710884094 -0.22599159181118011 0.2893003225326538 8.120424270629883 -1.893758773803711 1 frame_499.jpg
500 0.6700208783149719 0.6491591930389404 -0.28034284710884094 -0.22599159181118011 0.28943371772766113 8.120620727539062 -1.8937749862670898 1 frame_500.jpg
