# Image list generated by blender-exporter-colmap
1 0.7071067094802856 0.7071067690849304 0.0002606828638818115 -0.00026076717767864466 0.006522882729768753 -1.0556486813584343e-06 10.374154090881348 1 frame_1.jpg

2 0.7071067094802856 0.7071067690849304 0.0002759477647487074 -0.0002759899653028697 0.0069689699448645115 -1.2251643966010306e-06 10.373437881469727 1 frame_2.jpg

3 0.7071067690849304 0.7071066498756409 0.0003013120440300554 -0.00030143852927722037 0.007712314371019602 1.967536718439078e-06 10.372244834899902 1 frame_3.jpg

4 0.7071067094802856 0.7071066498756409 0.00033679159241728485 -0.0003369180776644498 0.00875009223818779 1.4974625628383365e-06 10.370577812194824 1 frame_4.jpg

5 0.7071065902709961 0.7071067094802856 0.00038233556551858783 -0.00038241990841925144 0.010081147775053978 -9.296455232288281e-07 10.368440628051758 1 frame_5.jpg

6 0.7071067094802856 0.7071065902709961 0.0004378782177809626 -0.0004379203892312944 0.011703813448548317 1.6217217080338742e-06 10.365833282470703 1 frame_6.jpg

7 0.7071065902709961 0.7071065902709961 0.0005033896886743605 -0.0005033897468820214 0.01361677423119545 3.439213855926937e-07 10.362756729125977 1 frame_7.jpg

8 0.7071065306663513 0.7071065306663513 0.0005787918926216662 -0.0005788762355223298 0.01581907831132412 3.977501421559282e-07 10.359213829040527 1 frame_8.jpg

9 0.7071064710617065 0.7071064114570618 0.0006641007494181395 -0.000664185150526464 0.018307514488697052 1.6928925106185488e-06 10.355205535888672 1 frame_9.jpg

10 0.7071064114570618 0.7071062922477722 0.0007592504844069481 -0.0007592927431687713 0.02108011022210121 2.3794625576556427e-06 10.350735664367676 1 frame_10.jpg

11 0.7071061730384827 0.7071062922477722 0.0008641778840683401 -0.0008642622851766646 0.024136126041412354 -1.1479538670755574e-06 10.345803260803223 1 frame_11.jpg

12 0.7071061134338379 0.7071060538291931 0.0009788929019123316 -0.0009789351606741548 0.02747257426381111 1.4544339137501083e-06 10.340411186218262 1 frame_12.jpg

13 0.7071059346199036 0.7071058750152588 0.0011033470509573817 -0.0011033894261345267 0.031089002266526222 1.3239473446446937e-06 10.334562301635742 1 frame_13.jpg

14 0.7071056962013245 0.7071056365966797 0.0012374360812827945 -0.0012375205988064408 0.03498140349984169 1.802141014195513e-06 10.328254699707031 1 frame_14.jpg

15 0.7071054577827454 0.7071053981781006 0.0013811786193400621 -0.0013812209945172071 0.039147455245256424 9.929220823323703e-07 10.321495056152344 1 frame_15.jpg

16 0.7071051001548767 0.7071051001548767 0.001534505165182054 -0.0015345895662903786 0.04358648881316185 4.616024398274021e-07 10.314279556274414 1 frame_16.jpg

17 0.7071046829223633 0.7071048021316528 0.0016974107129499316 -0.0016974530881270766 0.04829474911093712 -1.7014592685882235e-06 10.306614875793457 1 frame_17.jpg

18 0.7071042656898499 0.7071043252944946 0.0018698048079386353 -0.0018699315842241049 0.05327142775058746 -4.837045821659558e-07 10.298498153686523 1 frame_18.jpg

19 0.7071037888526917 0.7071037888526917 0.002051715739071369 -0.002051758114248514 0.05851176753640175 4.5445835894497577e-07 10.289932250976562 1 frame_19.jpg

20 0.7071031928062439 0.7071031928062439 0.002243047347292304 -0.002243089722469449 0.06401528418064117 8.898359169506875e-07 10.280920028686523 1 frame_20.jpg

21 0.7071025967597961 0.7071025371551514 0.0024437520187348127 -0.0024437946267426014 0.0697779580950737 6.126076641521649e-07 10.271464347839355 1 frame_21.jpg

22 0.7071018218994141 0.7071017622947693 0.0026538153178989887 -0.0026538576930761337 0.07579784840345383 1.1247508382439264e-06 10.26156234741211 1 frame_22.jpg

23 0.7071000337600708 0.7071000337600708 0.0030882353894412518 -0.0030882777646183968 0.088423952460289 9.84196333320142e-08 10.251165390014648 1 frame_23.jpg

24 0.7070973515510559 0.7070972919464111 0.003657995956018567 -0.0036581228487193584 0.10500960797071457 7.755901378914132e-07 10.240279197692871 1 frame_24.jpg

25 0.7070940732955933 0.7070938944816589 0.004250801168382168 -0.004250843543559313 0.12222664058208466 3.1654280974180438e-06 10.228924751281738 1 frame_25.jpg

26 0.7070900201797485 0.7070900797843933 0.0048664226196706295 -0.0048665497452020645 0.1400689333677292 -1.3126302746968577e-06 10.217101097106934 1 frame_26.jpg

27 0.707085371017456 0.7070853114128113 0.005504898726940155 -0.005504941567778587 0.158528134226799 1.1839765647891909e-06 10.204808235168457 1 frame_27.jpg

28 0.7070798873901367 0.7070798873901367 0.006166036240756512 -0.006166121456772089 0.17759820818901062 2.404782151188556e-07 10.192041397094727 1 frame_28.jpg

29 0.7070735692977905 0.7070736289024353 0.00684977974742651 -0.006849907338619232 0.19727084040641785 -7.721079100520001e-07 10.178801536560059 1 frame_29.jpg

30 0.7070664167404175 0.7070663571357727 0.007556104566901922 -0.007556189317256212 0.21753904223442078 1.435806552763097e-06 10.165084838867188 1 frame_30.jpg

31 0.707058310508728 0.7070581316947937 0.00828472152352333 -0.00828480627387762 0.23839116096496582 3.257028311054455e-06 10.150893211364746 1 frame_31.jpg

32 0.7070489525794983 0.7070490717887878 0.009035659022629261 -0.009035743772983551 0.2598221004009247 -7.013940717115474e-07 10.136222839355469 1 frame_32.jpg

33 0.7070387601852417 0.7070387601852417 0.009808838367462158 -0.00980896595865488 0.2818247675895691 -4.905741661787033e-07 10.121071815490723 1 frame_33.jpg

34 0.7070272564888 0.7070273160934448 0.01060405746102333 -0.010604143142700195 0.30438587069511414 -1.4874096905259648e-06 10.105439186096191 1 frame_34.jpg

35 0.7070145606994629 0.7070145606994629 0.011421343311667442 -0.011421470902860165 0.3275028169155121 -7.884217438913765e-07 10.089319229125977 1 frame_35.jpg

36 0.7069950699806213 0.7069951295852661 0.012567590922117233 -0.012567633762955666 0.36038994789123535 -1.182895516649296e-06 10.072402954101562 1 frame_36.jpg

37 0.7069728970527649 0.7069727778434753 0.01376354694366455 -0.013763632625341415 0.3946220278739929 1.0824778655660339e-06 10.054914474487305 1 frame_37.jpg

38 0.706947922706604 0.7069478034973145 0.014989646151661873 -0.014989731833338737 0.4295988082885742 2.2311573957267683e-06 10.036864280700684 1 frame_38.jpg

39 0.7069201469421387 0.7069200873374939 0.016245633363723755 -0.016245637089014053 0.4653034806251526 1.3918847798777279e-06 10.018247604370117 1 frame_39.jpg

40 0.7068893909454346 0.7068894505500793 0.017531324177980423 -0.017531409859657288 0.5017250180244446 -9.143234365183162e-07 9.999058723449707 1 frame_40.jpg

41 0.7068556547164917 0.7068555355072021 0.018846772611141205 -0.018846817314624786 0.5388513803482056 9.869612540569506e-07 9.979289054870605 1 frame_41.jpg

42 0.7068184614181519 0.7068184018135071 0.020191572606563568 -0.020191701129078865 0.5766648054122925 8.378897859984136e-07 9.958931922912598 1 frame_42.jpg

43 0.706777811050415 0.7067778706550598 0.02156578004360199 -0.021565867587924004 0.615153431892395 -8.989539992398932e-07 9.937982559204102 1 frame_43.jpg

44 0.7067355513572693 0.7067356109619141 0.022909456863999367 -0.02290950156748295 0.6529253721237183 -1.3732769730268046e-06 9.916544914245605 1 frame_44.jpg

45 0.7066915035247803 0.7066914439201355 0.024231333285570145 -0.02423142082989216 0.6901828646659851 8.185975843844062e-07 9.894608497619629 1 frame_45.jpg

46 0.7066439390182495 0.7066439390182495 0.02558000013232231 -0.025580089539289474 0.7280375957489014 4.73001549039509e-08 9.872084617614746 1 frame_46.jpg

47 0.7065927982330322 0.706592857837677 0.026955340057611465 -0.02695547044277191 0.7664775252342224 -1.2696419844360207e-06 9.848969459533691 1 frame_47.jpg

48 0.7065379619598389 0.7065379023551941 0.028357336297631264 -0.028357384726405144 0.8054895997047424 1.0096890719069052e-06 9.825250625610352 1 frame_48.jpg

49 0.7064791917800903 0.7064791321754456 0.02978583052754402 -0.02978583425283432 0.8450617790222168 7.844409992685542e-07 9.800929069519043 1 frame_49.jpg

50 0.7064200639724731 0.7064201235771179 0.031155094504356384 -0.031155139207839966 0.8828966021537781 -6.625937203352805e-07 9.776209831237793 1 frame_50.jpg

51 0.7063743472099304 0.7063743472099304 0.03217548877000809 -0.03217553719878197 0.911292314529419 3.2001042882257025e-07 9.751867294311523 1 frame_51.jpg

52 0.7063263058662415 0.7063263058662415 0.03321380913257599 -0.03321385756134987 0.940051794052124 -2.1056800392216246e-07 9.727010726928711 1 frame_52.jpg

53 0.7062758803367615 0.7062758207321167 0.03427005559206009 -0.03427010029554367 0.9691680073738098 4.911520932182611e-07 9.701642036437988 1 frame_53.jpg

54 0.7062229514122009 0.7062228918075562 0.03534400835633278 -0.03534409776329994 0.9986280798912048 4.2128664290430606e-07 9.675759315490723 1 frame_54.jpg

55 0.7061712741851807 0.7061712145805359 0.03636122867465019 -0.036361318081617355 1.0264049768447876 1.3594119536719518e-06 9.64957332611084 1 frame_55.jpg

56 0.706167459487915 0.7061673402786255 0.0364362932741642 -0.036436423659324646 1.0285621881484985 1.43719705647527e-06 9.625715255737305 1 frame_56.jpg

57 0.7061634659767151 0.7061634659767151 0.03651261702179909 -0.03651266545057297 1.0307433605194092 -3.0017449148544983e-07 9.601479530334473 1 frame_57.jpg

58 0.7061594724655151 0.7061594128608704 0.036590058356523514 -0.036590106785297394 1.032947063446045 9.164476750811446e-07 9.57686996459961 1 frame_58.jpg

59 0.7061554193496704 0.7061553001403809 0.036668676882982254 -0.036668725311756134 1.0351732969284058 1.8544083104643505e-06 9.551889419555664 1 frame_59.jpg

60 0.7062243819236755 0.7062243819236755 0.03531487286090851 -0.03531496226787567 0.9985840320587158 -4.6889448412912316e-07 9.530672073364258 1 frame_60.jpg

61 0.7063088417053223 0.7063088417053223 0.033583544194698334 -0.033583588898181915 0.9519731998443604 -7.161210078265867e-07 9.509971618652344 1 frame_61.jpg

62 0.7063902020454407 0.7063900828361511 0.03182782977819443 -0.031827960163354874 0.9049451351165771 5.974506507300248e-07 9.48874568939209 1 frame_62.jpg

63 0.7064809799194336 0.7064809799194336 0.02974272519350052 -0.0297427698969841 0.8492393493652344 -1.4290219496615464e-07 9.46772289276123 1 frame_63.jpg

64 0.7066501975059509 0.7066501379013062 0.0254069771617651 -0.02540702559053898 0.7329657673835754 1.2409537930579972e-06 9.450868606567383 1 frame_64.jpg

65 0.7067945599555969 0.7067945003509521 0.021011970937252045 -0.02101209945976734 0.6156829595565796 4.805752951142495e-07 9.43233871459961 1 frame_65.jpg

66 0.7069128751754761 0.7069128751754761 0.016558412462472916 -0.016558457165956497 0.49744316935539246 7.952775860076144e-08 9.412080764770508 1 frame_66.jpg

67 0.7070410847663879 0.7070411443710327 0.009637261740863323 -0.009637389332056046 0.31305503845214844 -1.121109903579054e-06 9.392396926879883 1 frame_67.jpg

68 0.7071033120155334 0.7071033120155334 0.0022063038777559996 -0.0022063464857637882 0.11593204736709595 7.118371740943985e-07 9.368925094604492 1 frame_68.jpg

69 0.7070868611335754 0.7070867419242859 -0.005316987168043852 0.005316987633705139 -0.08248716592788696 1.2898888144263765e-06 9.340962409973145 1 frame_69.jpg

70 0.7069507241249084 0.7069507241249084 -0.014854381792247295 0.01485429983586073 -0.33449235558509827 4.29915758104471e-07 9.306676864624023 1 frame_70.jpg

71 0.7066699266433716 0.706669807434082 -0.024853583425283432 0.024853501468896866 -0.5972073674201965 1.6041864228100167e-06 9.264474868774414 1 frame_71.jpg

72 0.7062417268753052 0.7062417268753052 -0.03496560454368591 0.034965526312589645 -0.8608615398406982 6.453981313825352e-07 9.214251518249512 1 frame_72.jpg

73 0.7056089043617249 0.7056088447570801 -0.04600163549184799 0.046001553535461426 -1.1488317251205444 2.763475777101121e-07 9.153142929077148 1 frame_73.jpg

74 0.7047916650772095 0.7047915458679199 -0.05717313289642334 0.05717300996184349 -1.4376616477966309 2.2696137875755085e-06 9.082120895385742 1 frame_74.jpg

75 0.7037949562072754 0.7037949562072754 -0.06835697591304779 0.0683569386601448 -1.724138617515564 -2.119176087944652e-07 9.00154972076416 1 frame_75.jpg

76 0.7026925086975098 0.7026925086975098 -0.07888780534267426 0.07888777554035187 -1.9933066368103027 -7.853604415686277e-07 8.91517448425293 1 frame_76.jpg

77 0.7014179229736328 0.701417863368988 -0.08951506018638611 0.08951499313116074 -2.261711359024048 8.528379566996591e-07 8.819709777832031 1 frame_77.jpg

78 0.7001408934593201 0.7001408338546753 -0.0990089401602745 0.09900882095098495 -2.498838186264038 1.1976460427831626e-06 8.723852157592773 1 frame_78.jpg

79 0.6997569799423218 0.6997570395469666 -0.1016865223646164 0.101686492562294 -2.566603899002075 -1.03450361166324e-06 8.67279052734375 1 frame_79.jpg

80 0.699358344078064 0.699358344078064 -0.10439322143793106 0.10439319163560867 -2.6344966888427734 -5.748641456193582e-07 8.620645523071289 1 frame_80.jpg

81 0.6989445090293884 0.6989444494247437 -0.1071290448307991 0.1071290522813797 -2.7024946212768555 4.0892322772378975e-07 8.56740665435791 1 frame_81.jpg

82 0.7005801796913147 0.7005802392959595 -0.09585084021091461 0.09585076570510864 -2.4254491329193115 -7.311813305932446e-07 8.617371559143066 1 frame_82.jpg

83 0.7020834684371948 0.70208340883255 -0.08413591980934143 0.08413584530353546 -2.1378214359283447 8.339101214005495e-07 8.660605430603027 1 frame_83.jpg

84 0.703402578830719 0.7034025192260742 -0.07228324562311172 0.07228321582078934 -1.8472118377685547 5.818889690090145e-07 8.694557189941406 1 frame_84.jpg

85 0.7053031325340271 0.7053031325340271 -0.050472747534513474 0.050472669303417206 -1.3051878213882446 2.0715708259899657e-08 8.75859546661377 1 frame_85.jpg

86 0.7065646648406982 0.7065646052360535 -0.027683941647410393 0.027683943510055542 -0.738821268081665 1.0212261258857325e-06 8.790616989135742 1 frame_86.jpg

87 0.7070938348770142 0.7070938944816589 -0.004274379927664995 0.004274296574294567 -0.15707919001579285 -7.887880997259344e-07 8.786113739013672 1 frame_87.jpg

88 0.7068219780921936 0.706821858882904 0.020068494603037834 -0.020068582147359848 0.4475061595439911 1.9637345758383162e-06 8.7415132522583 1 frame_88.jpg

89 0.7057119011878967 0.7057120203971863 0.04439238831400871 -0.044392477720975876 1.0456759929656982 -2.571785671534599e-06 8.655198097229004 1 frame_89.jpg

90 0.7040100693702698 0.7040099501609802 0.06610516458749771 -0.0661051794886589 1.5768166780471802 1.656883455325442e-06 8.539196014404297 1 frame_90.jpg

91 0.7016165852546692 0.7016165852546692 0.0879441499710083 -0.08794420212507248 2.1021432876586914 -2.637862621668319e-07 8.389328002929688 1 frame_91.jpg

92 0.6995202898979187 0.6995202898979187 0.10330238938331604 -0.10330253094434738 2.468207836151123 -8.376131859222369e-07 8.253314971923828 1 frame_92.jpg

93 0.6971475481987 0.6971474289894104 0.11825968325138092 -0.1182597354054451 2.8183419704437256 1.6697554201527964e-06 8.103944778442383 1 frame_93.jpg

94 0.696071982383728 0.6960718631744385 0.1244342252612114 -0.12443424761295319 2.9619860649108887 1.3556294788941159e-06 8.016292572021484 1 frame_94.jpg

95 0.6953769326210022 0.6953769326210022 0.12826120853424072 -0.12826131284236908 3.0500648021698 -7.305767439902411e-07 7.946499347686768 1 frame_95.jpg

96 0.6963551044464111 0.6963551044464111 0.12283960729837418 -0.12283969670534134 2.926654100418091 -3.862075175220525e-07 7.95604944229126 1 frame_96.jpg

97 0.6983699202537537 0.6983698010444641 0.11081303656101227 -0.11081309616565704 2.651613473892212 1.3244880392448977e-06 8.0149564743042 1 frame_97.jpg

98 0.701238751411438 0.701238751411438 0.09090770035982132 -0.09090779721736908 2.1936538219451904 -2.436941315409058e-07 8.115193367004395 1 frame_98.jpg

99 0.7047156691551208 0.7047156691551208 0.05810178816318512 -0.0581018403172493 1.4295318126678467 2.5730635400122992e-08 8.246477127075195 1 frame_99.jpg

100 0.7068414092063904 0.7068414092063904 0.019369730725884438 -0.019369861111044884 0.5210914015769958 4.997883706892026e-07 8.315502166748047 1 frame_100.jpg

101 0.7065255641937256 0.7065255641937256 -0.02866399846971035 0.02866387367248535 -0.6076338291168213 1.459974754425275e-07 8.271048545837402 1 frame_101.jpg

102 0.7029363512992859 0.7029364109039307 -0.07668428122997284 0.07668420672416687 -1.7231595516204834 -1.0853206049432629e-06 8.073448181152344 1 frame_102.jpg

103 0.6960495710372925 0.6960495114326477 -0.12455936521291733 0.12455938011407852 -2.8042306900024414 6.337967306535575e-07 7.72410774230957 1 frame_103.jpg

104 0.6915735602378845 0.6915735006332397 -0.1473977267742157 0.1473977118730545 -3.3079166412353516 1.2683445049788133e-07 7.483687400817871 1 frame_104.jpg

105 0.6867632865905762 0.6867632269859314 -0.16839322447776794 0.16839319467544556 -3.757324695587158 3.308486640207775e-08 7.228785037994385 1 frame_105.jpg

106 0.6888658404350281 0.6888657808303833 -0.15957409143447876 0.15957406163215637 -3.5720033645629883 8.900662464839115e-07 7.282883644104004 1 frame_106.jpg

107 0.6910554766654968 0.6910553574562073 -0.14980781078338623 0.14980779588222504 -3.3668482303619385 1.8930771830127924e-06 7.3409857749938965 1 frame_107.jpg

108 0.6931201815605164 0.6931201219558716 -0.13994456827640533 0.13994455337524414 -3.1598598957061768 2.9800045808769937e-07 7.393680572509766 1 frame_108.jpg

109 0.6965240836143494 0.6965240240097046 -0.12187802791595459 0.1218780055642128 -2.7725539207458496 5.729677923227428e-07 7.507451057434082 1 frame_109.jpg

110 0.7004904747009277 0.7004905343055725 -0.0965040847659111 0.09650405496358871 -2.2207274436950684 -3.3513646258143126e-07 7.647906303405762 1 frame_110.jpg

111 0.703549861907959 0.7035498023033142 -0.07083545625209808 0.0708354264497757 -1.659470796585083 2.886025640691514e-07 7.748600959777832 1 frame_111.jpg

112 0.705761730670929 0.7057617902755737 -0.04359292984008789 0.04359280690550804 -1.0567936897277832 -5.744633995163895e-07 7.812334060668945 1 frame_112.jpg

113 0.7069385051727295 0.706938624382019 -0.01542340312153101 0.015423279255628586 -0.4320814609527588 -1.4923283515599906e-06 7.829930305480957 1 frame_113.jpg

114 0.7069957256317139 0.7069957256317139 0.012533025816082954 -0.012533111497759819 0.18432454764842987 -5.33939100932912e-07 7.7977752685546875 1 frame_114.jpg

115 0.7061269879341125 0.7061270475387573 0.037210408598184586 -0.03721053898334503 0.7288592457771301 -4.727421867301018e-07 7.723605632781982 1 frame_115.jpg

116 0.7043840289115906 0.7043840289115906 0.06199277564883232 -0.0619928278028965 1.267171859741211 4.5526141434493184e-07 7.610866546630859 1 frame_116.jpg

117 0.7024245858192444 0.7024245262145996 0.0812387764453888 -0.08123891055583954 1.6813753843307495 3.884994441705203e-07 7.487445831298828 1 frame_117.jpg

118 0.700236439704895 0.7002366781234741 0.09832970798015594 -0.0983298197388649 2.043625593185425 -2.4178755211323733e-06 7.35357666015625 1 frame_118.jpg

119 0.6982008218765259 0.6982008814811707 0.11187292635440826 -0.1118730679154396 2.326103925704956 -8.1438849974802e-07 7.225637435913086 1 frame_119.jpg

120 0.6968626379966736 0.6968627572059631 0.1199265867471695 -0.11992668360471725 2.492736577987671 -1.6849350004122243e-06 7.126430511474609 1 frame_120.jpg

121 0.6956043243408203 0.6956043839454651 0.1270219087600708 -0.12702201306819916 2.6370880603790283 -7.600800131513097e-07 7.0303263664245605 1 frame_121.jpg

122 0.6958391666412354 0.6958392262458801 0.12572896480560303 -0.1257290244102478 2.6116139888763428 -2.4424326738881064e-07 6.996014595031738 1 frame_122.jpg

123 0.6960727572441101 0.6960728168487549 0.12442927062511444 -0.12442927807569504 2.5863096714019775 -1.7219952042069053e-07 6.961413860321045 1 frame_123.jpg

124 0.6977573037147522 0.6977574825286865 0.11460638046264648 -0.11460640281438828 2.389681339263916 -1.9490323666104814e-06 6.986993312835693 1 frame_124.jpg

125 0.6995255351066589 0.6995255351066589 0.1032668724656105 -0.10326692461967468 2.163473606109619 -4.7289123017435486e-07 7.016106605529785 1 frame_125.jpg

126 0.7019897699356079 0.7019898295402527 0.08491349220275879 -0.08491350710391998 1.7942934036254883 -3.5774348816630663e-07 7.074780464172363 1 frame_126.jpg

127 0.7043119072914124 0.7043120265007019 0.06280647963285446 -0.06280652433633804 1.3485954999923706 -1.3114803323333035e-06 7.1283278465271 1 frame_127.jpg

128 0.7061941623687744 0.706194281578064 0.03591232746839523 -0.035912372171878815 0.8035677671432495 -8.951898280429305e-07 7.165037631988525 1 frame_128.jpg

129 0.7070928812026978 0.7070929408073425 0.004426743369549513 -0.004426870495080948 0.1651763767004013 -3.591472648167837e-07 7.162432670593262 1 frame_129.jpg

130 0.7065365314483643 0.7065364718437195 -0.028392812237143517 0.028392773121595383 -0.4966636598110199 9.127915063800174e-07 7.101258277893066 1 frame_130.jpg

131 0.7042680382728577 0.7042680382728577 -0.06329713761806488 0.0632971003651619 -1.194421648979187 1.0044703202538585e-07 6.971275329589844 1 frame_131.jpg

132 0.7005634307861328 0.7005634307861328 -0.09597332775592804 0.09597320854663849 -1.832566738128662 3.0890089419699507e-07 6.784080982208252 1 frame_132.jpg

133 0.697973370552063 0.6979733109474182 -0.1132839247584343 0.11328385025262833 -2.1687910556793213 3.6599956843019754e-07 6.638496398925781 1 frame_133.jpg

134 0.6949401497840881 0.6949400305747986 -0.13060736656188965 0.13060735166072845 -2.4966249465942383 1.021800926537253e-06 6.475556373596191 1 frame_134.jpg

135 0.6947344541549683 0.6947343349456787 -0.13169702887535095 0.13169695436954498 -2.517772674560547 1.6003207292669686e-06 6.420593738555908 1 frame_135.jpg

136 0.6963338255882263 0.6963337659835815 -0.1229604110121727 0.12296030670404434 -2.3580880165100098 6.776015766263299e-07 6.434542655944824 1 frame_136.jpg

137 0.6978300213813782 0.6978299021720886 -0.11416371166706085 0.1141636073589325 -2.1985552310943604 1.3434893162411754e-06 6.444587230682373 1 frame_137.jpg

138 0.6996592283248901 0.6996591687202454 -0.10235738754272461 0.10235726833343506 -1.9828736782073975 5.111713221594982e-07 6.467683792114258 1 frame_138.jpg

139 0.7026538848876953 0.7026537656784058 -0.07923125475645065 0.07923122495412827 -1.5514938831329346 1.3256420743346098e-06 6.53633975982666 1 frame_139.jpg

140 0.7048924565315247 0.7048923969268799 -0.055916670709848404 0.05591655150055885 -1.1177914142608643 6.514843562399619e-07 6.576581001281738 1 frame_140.jpg

141 0.7063742280006409 0.7063741087913513 -0.032179877161979675 0.032179754227399826 -0.6760688424110413 1.0964464536300511e-06 6.588717460632324 1 frame_141.jpg

142 0.7070649862289429 0.7070649266242981 -0.007689904887229204 0.007689821999520063 -0.21787108480930328 7.473378218492144e-07 6.571105003356934 1 frame_142.jpg

143 0.7069045305252075 0.706904411315918 0.016913527622818947 -0.016913656145334244 0.23655161261558533 1.0776698218251113e-06 6.521623611450195 1 frame_143.jpg

144 0.7060330510139465 0.7060330510139465 0.03895319253206253 -0.03895324096083641 0.6422777771949768 -3.0742202739020286e-07 6.4453125 1 frame_144.jpg

145 0.7045689821243286 0.7045689225196838 0.05985491722822189 -0.05985505133867264 1.0221326351165771 9.271678180766685e-08 6.346730709075928 1 frame_145.jpg

146 0.7026793360710144 0.7026792168617249 0.07900500297546387 -0.07900522649288177 1.3639171123504639 1.1966911870331387e-06 6.232403755187988 1 frame_146.jpg

147 0.7009903192520142 0.7009902596473694 0.09280431270599365 -0.0928044468164444 1.6084398031234741 -1.1182630288431028e-07 6.124343395233154 1 frame_147.jpg

148 0.6990219950675964 0.6990218758583069 0.1066223680973053 -0.10662250965833664 1.847508192062378 7.287845846803975e-07 6.006283283233643 1 frame_148.jpg

149 0.6980888247489929 0.6980887055397034 0.11257015913724899 -0.11257030069828033 1.9501410722732544 1.0826021252796636e-06 5.92394495010376 1 frame_149.jpg

150 0.6972498893737793 0.6972498297691345 0.1176547259092331 -0.11765486001968384 2.036494731903076 1.0776088998909472e-07 5.844677925109863 1 frame_150.jpg

151 0.6974157691001892 0.6974156498908997 0.11666758358478546 -0.1166677325963974 2.020379066467285 6.267432013373764e-07 5.800015449523926 1 frame_151.jpg

152 0.6981983184814453 0.6981981992721558 0.11188916116952896 -0.11188925802707672 1.941940426826477 8.281279519906093e-07 5.776557922363281 1 frame_152.jpg

153 0.6996262073516846 0.699626088142395 0.10258270800113678 -0.10258284211158752 1.7886793613433838 1.1647166502370965e-06 5.7754740715026855 1 frame_153.jpg

154 0.7017919421195984 0.7017918825149536 0.08653397858142853 -0.08653407543897629 1.524013876914978 7.889615005751693e-08 5.800375938415527 1 frame_154.jpg

155 0.7038928866386414 0.7038927674293518 0.06734154373407364 -0.06734159588813782 1.207808256149292 9.611952691557235e-07 5.823918342590332 1 frame_155.jpg

156 0.7060051560401917 0.7060050964355469 0.03945587947964668 -0.03945601359009743 0.7455275058746338 2.987494269746094e-07 5.849841117858887 1 frame_156.jpg

157 0.7070352435112 0.7070351839065552 0.010059710592031479 -0.010059838183224201 0.26103734970092773 5.483204859046964e-07 5.840365409851074 1 frame_157.jpg

158 0.706627607345581 0.7066274881362915 -0.02602963335812092 0.026029512286186218 -0.3344977796077728 6.511178867185663e-07 5.78487491607666 1 frame_158.jpg

159 0.704371452331543 0.7043713331222534 -0.062136415392160416 0.06213638558983803 -0.9179603457450867 1.08470351278811e-06 5.668954849243164 1 frame_159.jpg

160 0.7003546357154846 0.7003545165061951 -0.09748587012290955 0.09748579561710358 -1.48350191116333 8.007376095520158e-07 5.496005058288574 1 frame_160.jpg

161 0.6945427656173706 0.694542646408081 -0.13270443677902222 0.13270433247089386 -2.0253169536590576 8.110291673801839e-07 5.2664642333984375 1 frame_161.jpg

162 0.6906631588935852 0.6906630992889404 -0.15160620212554932 0.15160609781742096 -2.311049461364746 8.279247367681819e-07 5.0960259437561035 1 frame_162.jpg

163 0.6875653862953186 0.6875652074813843 -0.1650877743959427 0.16508767008781433 -2.511014699935913 1.6268721765300143e-06 4.94922399520874 1 frame_163.jpg

164 0.6848753690719604 0.6848752498626709 -0.17591430246829987 0.17591427266597748 -2.6665682792663574 6.692328611279663e-07 4.814824104309082 1 frame_164.jpg

165 0.6897733211517334 0.6897732019424438 -0.1556047648191452 0.15560461580753326 -2.3804235458374023 1.4632521470048232e-06 4.911092281341553 1 frame_165.jpg

166 0.6940813660621643 0.6940812468528748 -0.13509675860404968 0.1350966840982437 -2.0913257598876953 1.1812048796855379e-06 4.990771293640137 1 frame_166.jpg

167 0.6999942660331726 0.6999941468238831 -0.10004061460494995 0.100040502846241 -1.5830410718917847 9.99876533569477e-07 5.122936248779297 1 frame_167.jpg

168 0.705197811126709 0.7051977515220642 -0.051923930644989014 0.051923807710409164 -0.8726624250411987 5.410450398812827e-07 5.237813949584961 1 frame_168.jpg

169 0.707097589969635 0.7070974707603455 -0.0036157697904855013 0.003615643596276641 -0.15452715754508972 1.005737658488215e-06 5.255077362060547 1 frame_169.jpg

170 0.7056992053985596 0.7056992053985596 0.04459403082728386 -0.04459407925605774 0.5590487122535706 2.39384023714706e-09 5.173638820648193 1 frame_170.jpg

171 0.7019236087799072 0.7019235491752625 0.08545923233032227 -0.08545928448438644 1.1520986557006836 4.378543394523149e-07 5.020636081695557 1 frame_171.jpg

172 0.6969541311264038 0.696954071521759 0.11939416825771332 -0.11939430981874466 1.6312901973724365 2.2865472715238866e-07 4.83146858215332 1 frame_172.jpg

173 0.6925415396690369 0.6925414800643921 0.14278040826320648 -0.14278055727481842 1.9518321752548218 1.2060384335654817e-07 4.6567864418029785 1 frame_173.jpg

174 0.6888779997825623 0.6888779401779175 0.1595214307308197 -0.15952157974243164 2.1747045516967773 4.971163889422314e-07 4.502460479736328 1 frame_174.jpg

175 0.6872522830963135 0.6872521638870239 0.1663861721754074 -0.16638632118701935 2.264359712600708 5.483699396791053e-07 4.403758525848389 1 frame_175.jpg

176 0.6868214011192322 0.6868213415145874 0.1681557595729828 -0.16815590858459473 2.287928342819214 3.400029697786522e-07 4.337467670440674 1 frame_176.jpg

177 0.6886160373687744 0.6886159181594849 0.16064877808094025 -0.16064892709255219 2.1937084197998047 3.7109049344508094e-07 4.331676483154297 1 frame_177.jpg

178 0.6913427710533142 0.6913427114486694 0.14847616851329803 -0.14847631752490997 2.0419414043426514 3.5288906019559363e-07 4.351562023162842 1 frame_178.jpg

179 0.6956892609596252 0.6956891417503357 0.12655632197856903 -0.12655645608901978 1.7647571563720703 7.540438673458993e-07 4.416960716247559 1 frame_179.jpg

180 0.700025737285614 0.7000256776809692 0.09981979429721832 -0.09981992840766907 1.4255391359329224 2.82521114058909e-07 4.484096050262451 1 frame_180.jpg

181 0.7041993737220764 0.7041993141174316 0.06405692547559738 -0.06405706703662872 0.96441251039505 1.424989903853202e-07 4.550786018371582 1 frame_181.jpg

182 0.7066865563392639 0.7066865563392639 0.024375103414058685 -0.02437523379921913 0.4528786540031433 -4.0138255030797154e-07 4.575132846832275 1 frame_182.jpg

183 0.7068736553192139 0.7068735361099243 -0.01815914735198021 0.01815914921462536 -0.09781469404697418 4.4813816657551797e-07 4.541270732879639 1 frame_183.jpg

184 0.7044064998626709 0.7044064402580261 -0.06173762306571007 0.061737507581710815 -0.6516130566596985 4.0202391460297804e-07 4.439198017120361 1 frame_184.jpg

185 0.6999526619911194 0.6999525427818298 -0.10033117234706879 0.10033105313777924 -1.132820725440979 1.0258286238240544e-06 4.285665035247803 1 frame_185.jpg

186 0.6939657330513 0.6939656138420105 -0.13568952679634094 0.13568945229053497 -1.5593106746673584 8.631142804915726e-07 4.09303092956543 1 frame_186.jpg

187 0.6872420907020569 0.6872419714927673 -0.16642840206623077 0.16642838716506958 -1.9125255346298218 5.602457235909242e-07 3.882582426071167 1 frame_187.jpg

188 0.6847281455993652 0.6847280859947205 -0.17648643255233765 0.1764863282442093 -2.0300095081329346 2.0167325942566094e-07 3.768866539001465 1 frame_188.jpg

189 0.6820612549781799 0.6820611953735352 -0.18652744591236115 0.1865273416042328 -2.1426966190338135 6.469489903793146e-07 3.6513969898223877 1 frame_189.jpg

190 0.6808836460113525 0.680883526802063 -0.1907813847064972 0.19078128039836884 -2.189756155014038 1.0564257308942615e-06 3.5680103302001953 1 frame_190.jpg

191 0.6872526407241821 0.6872525215148926 -0.16638478636741638 0.16638466715812683 -1.9331786632537842 9.507680829301535e-07 3.6585748195648193 1 frame_191.jpg

192 0.6927579641342163 0.6927579641342163 -0.14172668755054474 0.1417265683412552 -1.6742881536483765 -1.2709600127891463e-07 3.731128215789795 1 frame_192.jpg

193 0.6992309093475342 0.6992309093475342 -0.10524328052997589 0.10524320602416992 -1.2781546115875244 3.4019397077145186e-08 3.829942226409912 1 frame_193.jpg

194 0.7047191858291626 0.704719066619873 -0.05805979669094086 0.05805976316332817 -0.7559604048728943 8.080235716079187e-07 3.90987491607666 1 frame_194.jpg

195 0.7069951295852661 0.7069951295852661 -0.012565147131681442 0.012565064243972301 -0.25324246287345886 5.968282579260631e-08 3.918407678604126 1 frame_195.jpg

196 0.7066287398338318 0.7066287398338318 0.02599671110510826 -0.025996839627623558 0.17566648125648499 -7.019802694685495e-08 3.865644931793213 1 frame_196.jpg

197 0.7041542530059814 0.7041542530059814 0.06455063819885254 -0.06455076485872269 0.5907987952232361 -8.262451700602469e-08 3.7665321826934814 1 frame_197.jpg

198 0.7016156315803528 0.7016156315803528 0.08795154094696045 -0.08795159310102463 0.8417715430259705 1.7767823123904236e-07 3.661712169647217 1 frame_198.jpg

199 0.6984270811080933 0.6984270215034485 0.11045202612876892 -0.1104520782828331 1.0738712549209595 2.58125226082484e-07 3.542742967605591 1 frame_199.jpg

200 0.6958334445953369 0.6958333849906921 0.12576106190681458 -0.12576109170913696 1.2278056144714355 3.5414021226642944e-07 3.4348130226135254 1 frame_200.jpg

201 0.6940985918045044 0.6940985321998596 0.13500821590423584 -0.13500835001468658 1.319484829902649 -1.8785702593504539e-07 3.3433873653411865 1 frame_201.jpg

202 0.6922376155853271 0.6922375559806824 0.1442466825246811 -0.14424674212932587 1.4073082208633423 3.086588833411952e-07 3.2493982315063477 1 frame_202.jpg

203 0.6922604441642761 0.6922603249549866 0.14413726329803467 -0.14413736760616302 1.4071511030197144 4.2795483068402973e-07 3.192117691040039 1 frame_203.jpg

204 0.6923330426216125 0.6923329830169678 0.14378799498081207 -0.14378808438777924 1.4049019813537598 1.8273649970979022e-07 3.13572096824646 1 frame_204.jpg

205 0.6928547620773315 0.6928547024726868 0.14125262200832367 -0.14125272631645203 1.3827321529388428 1.8304632476429106e-07 3.088026762008667 1 frame_205.jpg

206 0.6944631338119507 0.6944630742073059 0.1331200748682022 -0.13312017917633057 1.3106756210327148 3.621667588049604e-07 3.0616047382354736 1 frame_206.jpg

207 0.6959782242774963 0.6959781646728516 0.12495742738246918 -0.12495747953653336 1.2405176162719727 1.386686392379488e-07 3.033492088317871 1 frame_207.jpg

208 0.6979929804801941 0.6979929804801941 0.11316275596618652 -0.1131628081202507 1.1384029388427734 -1.506078177726522e-07 3.0156476497650146 1 frame_208.jpg

209 0.7003051042556763 0.7003050446510315 0.09784066677093506 -0.0978408083319664 1.006265640258789 1.0049618026641838e-07 3.004396438598633 1 frame_209.jpg

210 0.7022832632064819 0.7022832632064819 0.08245120197534561 -0.08245129883289337 0.8771296739578247 -1.2366720092416017e-08 2.9874441623687744 1 frame_210.jpg

211 0.7043048739433289 0.7043048143386841 0.06288592517375946 -0.06288602203130722 0.7104055285453796 4.4358725403981225e-07 2.97334623336792 1 frame_211.jpg

212 0.7058939337730408 0.7058939337730408 0.04139754921197891 -0.04139759764075279 0.5295538306236267 -5.325114926790775e-08 2.952643394470215 1 frame_212.jpg

213 0.7068282961845398 0.706828236579895 0.019843654707074165 -0.01984374225139618 0.35363927483558655 3.8644660094178107e-07 2.92112135887146 1 frame_213.jpg

214 0.7070951461791992 0.7070951461791992 -0.0040551843121647835 0.004055100958794355 0.15518569946289062 3.7710435663029784e-08 2.87990403175354 1 frame_214.jpg

215 0.7065309286117554 0.7065309286117554 -0.028531378135085106 0.028531255200505257 -0.04297900199890137 4.902079098201284e-08 2.825071096420288 1 frame_215.jpg

216 0.7051177024841309 0.7051177620887756 -0.05299995094537735 0.0529998317360878 -0.23302046954631805 -2.557348466325493e-07 2.756819248199463 1 frame_216.jpg

217 0.7030061483383179 0.7030060887336731 -0.07604239135980606 0.07604227215051651 -0.41340112686157227 3.842102458406771e-08 2.6771204471588135 1 frame_217.jpg

218 0.700198233127594 0.7001982927322388 -0.09860218316316605 0.09860215336084366 -0.5844296216964722 -1.8705229365423293e-07 2.58613920211792 1 frame_218.jpg

219 0.6966626048088074 0.6966626048088074 -0.12108337134122849 0.12108326703310013 -0.7456364631652832 2.780921022349503e-07 2.4843766689300537 1 frame_219.jpg

220 0.6934245824813843 0.6934245228767395 -0.13842833042144775 0.1384282261133194 -0.8666906356811523 2.756720789420797e-07 2.3854315280914307 1 frame_220.jpg

221 0.6914462447166443 0.6914463043212891 -0.14799346029758453 0.14799335598945618 -0.9362308979034424 -1.3926833730693033e-07 2.301654815673828 1 frame_221.jpg

222 0.6893340945243835 0.689333975315094 -0.15753929316997528 0.15753918886184692 -1.0018609762191772 3.5558960576054233e-07 2.2158212661743164 1 frame_222.jpg

223 0.6870878338813782 0.6870877742767334 -0.16706395149230957 0.16706380248069763 -1.0635144710540771 3.5722197821996815e-07 2.128079891204834 1 frame_223.jpg

224 0.6869681477546692 0.6869679689407349 -0.167555570602417 0.1675555408000946 -1.0673422813415527 6.999107426963747e-07 2.0673415660858154 1 frame_224.jpg

225 0.6893226504325867 0.6893227100372314 -0.1575888991355896 0.15758879482746124 -1.0096968412399292 -1.1817336087460717e-07 2.038174867630005 1 frame_225.jpg

226 0.6915343403816223 0.6915343403816223 -0.14758138358592987 0.1475813239812851 -0.9545926451683044 4.3769894375600416e-08 2.0074288845062256 1 frame_226.jpg

227 0.6936023235321045 0.6936023235321045 -0.1375349462032318 0.13753479719161987 -0.9020748138427734 7.304272742203466e-10 1.9752250909805298 1 frame_227.jpg

228 0.6979939937591553 0.6979938745498657 -0.11315673589706421 0.11315661668777466 -0.7616493701934814 5.684266852767905e-07 1.9743621349334717 1 frame_228.jpg

229 0.7020168900489807 0.7020168304443359 -0.08468972146511078 0.08468957245349884 -0.600874125957489 2.1249874748718867e-07 1.9702955484390259 1 frame_229.jpg

230 0.7048807740211487 0.7048807740211487 -0.056063320487737656 0.0560632050037384 -0.445677250623703 6.719929501741717e-08 1.953535556793213 1 frame_230.jpg

231 0.7067900896072388 0.706790030002594 -0.02116117998957634 0.021161098033189774 -0.2503807842731476 2.535819021431962e-07 1.9287062883377075 1 frame_231.jpg

232 0.7069504857063293 0.7069504857063293 0.01486588828265667 -0.014865975826978683 -0.056432999670505524 6.764804538761382e-08 1.8847123384475708 1 frame_232.jpg

233 0.7053408622741699 0.7053408622741699 0.04994296282529831 -0.049943093210458755 0.12678806483745575 -1.3818845445712213e-07 1.8219780921936035 1 frame_233.jpg

234 0.7021756768226624 0.7021756172180176 0.08336269110441208 -0.0833628699183464 0.2985713481903076 1.5240829043250415e-07 1.7421164512634277 1 frame_234.jpg

235 0.6976033449172974 0.6976034045219421 0.11554001271724701 -0.11554010957479477 0.4524567723274231 -7.934429646638819e-08 1.6479674577713013 1 frame_235.jpg

236 0.6935579776763916 0.6935579776763916 0.13775810599327087 -0.13775818049907684 0.5580501556396484 5.871327601880694e-08 1.5560450553894043 1 frame_236.jpg

237 0.6888030171394348 0.6888030767440796 0.159844771027565 -0.15984492003917694 0.653785765171051 -2.3561443640573998e-07 1.4575653076171875 1 frame_237.jpg

238 0.6864439249038696 0.6864439845085144 0.1696898639202118 -0.16968999803066254 0.6962379217147827 -1.1706627134344672e-07 1.3785407543182373 1 frame_238.jpg

239 0.6843468546867371 0.6843468546867371 0.17795886099338531 -0.17795901000499725 0.7295064330101013 -8.048048272257802e-08 1.3015775680541992 1 frame_239.jpg

240 0.6848557591438293 0.6848556995391846 0.17599022388458252 -0.17599032819271088 0.7228780388832092 2.112226837880371e-07 1.2459694147109985 1 frame_240.jpg

241 0.6864738464355469 0.6864737868309021 0.16956910490989685 -0.16956916451454163 0.7015418410301208 1.0036395536872078e-07 1.1995195150375366 1 frame_241.jpg

242 0.6901238560676575 0.6901237964630127 0.15404242277145386 -0.15404252707958221 0.6486657857894897 1.0670480321550713e-07 1.1702003479003906 1 frame_242.jpg

243 0.6948851943016052 0.6948851346969604 0.1308993101119995 -0.13089939951896667 0.5726257562637329 -2.42589965893103e-08 1.1511744260787964 1 frame_243.jpg

244 0.6999975442886353 0.69999760389328 0.10001689940690994 -0.10001703351736069 0.4721478223800659 -1.5212090431759862e-07 1.1378250122070312 1 frame_244.jpg

245 0.7045528888702393 0.7045528888702393 0.06004379317164421 -0.06004384905099869 0.344123899936676 -9.809345868916353e-08 1.12436842918396 1 frame_245.jpg

246 0.7068953514099121 0.7068952918052673 0.017291193827986717 -0.0172912385314703 0.2104865163564682 1.215700820011989e-07 1.098580241203308 1 frame_246.jpg

247 0.7064985632896423 0.7064984440803528 -0.029323088005185127 0.029322965070605278 0.06699025630950928 2.0944204948136758e-07 1.0569006204605103 1 frame_247.jpg

248 0.7032589316368103 0.7032589316368103 -0.07366745918989182 0.07366734743118286 -0.059909895062446594 -2.9232367637632706e-08 0.9978572726249695 1 frame_248.jpg

249 0.6984091401100159 0.6984091401100159 -0.11056522279977798 0.11056511849164963 -0.16555571556091309 3.267793857730794e-08 0.9261565208435059 1 frame_249.jpg

250 0.6916244626045227 0.6916244626045227 -0.14715850353240967 0.14715838432312012 -0.25678813457489014 4.167434397572833e-09 0.8439610004425049 1 frame_250.jpg

251 0.6866822838783264 0.6866822838783264 -0.16872315108776093 0.16872309148311615 -0.3098423480987549 -7.34302432192635e-08 0.7667564749717712 1 frame_251.jpg

252 0.6830713152885437 0.6830712556838989 -0.18279410898685455 0.1827940046787262 -0.3442688584327698 1.1981402536775931e-08 0.6935770511627197 1 frame_252.jpg

253 0.6791720390319824 0.6791719198226929 -0.19678787887096405 0.19678784906864166 -0.37320104241371155 6.626617476968022e-08 0.6189647316932678 1 frame_253.jpg

254 0.677564799785614 0.677564799785614 -0.2022521197795868 0.2022521197795868 -0.38349035382270813 2.9783119970261396e-08 0.5529969334602356 1 frame_254.jpg

255 0.6798345446586609 0.6798344254493713 -0.1944867968559265 0.19448664784431458 -0.37340840697288513 1.2996092380035407e-07 0.5018119215965271 1 frame_255.jpg

256 0.6820148229598999 0.6820148229598999 -0.1866970658302307 0.18669696152210236 -0.36586904525756836 4.179694101935638e-08 0.45049360394477844 1 frame_256.jpg

257 0.6841055154800415 0.6841055154800415 -0.17888446152210236 0.1788843423128128 -0.3608718514442444 5.699019922644766e-08 0.3991349935531616 1 frame_257.jpg

258 0.6902148723602295 0.6902148723602295 -0.15363408625125885 0.15363407135009766 -0.33123236894607544 4.957998456234236e-09 0.36488428711891174 1 frame_258.jpg

259 0.6961526274681091 0.6961525678634644 -0.12398207932710648 0.12398197501897812 -0.30242422223091125 8.209436686001936e-08 0.3321295976638794 1 frame_259.jpg

260 0.7011120319366455 0.7011121511459351 -0.09187934547662735 0.0918792262673378 -0.27772700786590576 6.782840955565916e-09 0.2993244528770447 1 frame_260.jpg

261 0.7057580947875977 0.7057580947875977 -0.043652430176734924 0.04365239292383194 -0.23537328839302063 -1.4206085197088214e-09 0.27468809485435486 1 frame_261.jpg

262 0.7070900201797485 0.7070901393890381 0.004859219770878553 -0.004859346896409988 -0.2044847309589386 -9.272085321754275e-10 0.24527812004089355 1 frame_262.jpg

263 0.7047532796859741 0.7047533392906189 0.05764319375157356 -0.05764332786202431 -0.1656452715396881 2.7831651649989908e-08 0.21325020492076874 1 frame_263.jpg

264 0.6989541053771973 0.6989542245864868 0.10706569254398346 -0.10706578940153122 -0.13982592523097992 -2.468487636519967e-09 0.17520152032375336 1 frame_264.jpg

265 0.6926466822624207 0.6926468014717102 0.14226911962032318 -0.14226913452148438 -0.12125017493963242 -1.6007000169793173e-08 0.12873518466949463 1 frame_265.jpg

266 0.6866422295570374 0.6866423487663269 0.16888557374477386 -0.16888567805290222 -0.11274505406618118 1.105704683368458e-08 0.07817120105028152 1 frame_266.jpg

267 0.683647871017456 0.6836479306221008 0.18062542378902435 -0.18062548339366913 -0.1090724989771843 1.0363722324768787e-08 0.022361015900969505 1 frame_267.jpg

268 0.6828394532203674 0.6828396320343018 0.18365763127803802 -0.18365778028964996 -0.10829944908618927 3.497331135804416e-08 -0.03626863285899162 1 frame_268.jpg

269 0.6848000884056091 0.6848000884056091 0.17620675265789032 -0.17620685696601868 -0.10540829598903656 1.1216007678171991e-08 -0.09815003722906113 1 frame_269.jpg

270 0.6881473064422607 0.6881473660469055 0.16264449059963226 -0.16264459490776062 -0.09948055446147919 2.5374054857252304e-08 -0.1616668701171875 1 frame_270.jpg

271 0.6928737163543701 0.6928737163543701 0.14115943014621735 -0.1411595642566681 -0.08671212196350098 2.8904429960618927e-09 -0.22698043286800385 1 frame_271.jpg

272 0.6972813606262207 0.6972813606262207 0.11746787279844284 -0.1174679771065712 -0.06751593202352524 8.193481448870443e-09 -0.29151812195777893 1 frame_272.jpg

273 0.7015268802642822 0.701526939868927 0.08865653723478317 -0.08865667134523392 -0.042080558836460114 2.8951104624752588e-08 -0.35548272728919983 1 frame_273.jpg

274 0.7045806646347046 0.7045806646347046 0.05971669405698776 -0.05971682816743851 -0.006615370512008667 -1.6893446641574883e-09 -0.41679075360298157 1 frame_274.jpg

275 0.7063796520233154 0.7063797116279602 0.0320582315325737 -0.032058361917734146 0.024736102670431137 2.1301744368429354e-08 -0.4752698540687561 1 frame_275.jpg

276 0.707092821598053 0.707092821598053 0.004440741613507271 -0.004440826829522848 0.06447549164295197 -3.052717190143994e-08 -0.5310980677604675 1 frame_276.jpg

277 0.7067819237709045 0.7067819237709045 -0.02143145725131035 0.02143137715756893 0.10711538791656494 -1.788593095852775e-08 -0.5838082432746887 1 frame_277.jpg

278 0.7058590054512024 0.7058590054512024 -0.04198884218931198 0.04198872298002243 0.13900193572044373 -2.5527185698592803e-08 -0.6357277631759644 1 frame_278.jpg

279 0.7043400406837463 0.7043399810791016 -0.062491439282894135 0.06249140575528145 0.17725954949855804 -2.369154117332073e-08 -0.6856688261032104 1 frame_279.jpg

280 0.7022278308868408 0.7022277116775513 -0.08292251825332642 0.08292239904403687 0.22174301743507385 -1.850594486541013e-07 -0.733069896697998 1 frame_280.jpg

281 0.7014486193656921 0.7014485597610474 -0.08927410840988159 0.08927403390407562 0.23126700520515442 -1.0897346669480612e-07 -0.7877746820449829 1 frame_281.jpg

282 0.7007240653038025 0.7007239460945129 -0.09479383379220963 0.09479375928640366 0.24029548466205597 -1.663992321709884e-07 -0.8428834676742554 1 frame_282.jpg

283 0.6999568343162537 0.6999567747116089 -0.10030197352170944 0.10030186176300049 0.25110533833503723 -9.172872950102828e-08 -0.8978315591812134 1 frame_283.jpg

284 0.6991472244262695 0.6991471648216248 -0.10579800605773926 0.10579797625541687 0.2636895179748535 -5.8686925541451274e-08 -0.9525752663612366 1 frame_284.jpg

285 0.7010606527328491 0.7010604739189148 -0.09227176010608673 0.09227168560028076 0.22490811347961426 -3.056179025406891e-07 -1.0207666158676147 1 frame_285.jpg

286 0.7033217549324036 0.7033215761184692 -0.07306583970785141 0.07306572794914246 0.1643577516078949 -3.438181863657519e-07 -1.0900568962097168 1 frame_286.jpg

287 0.7053757309913635 0.7053757309913635 -0.04944824427366257 0.049448125064373016 0.08852123469114304 1.025901994466949e-07 -1.1568758487701416 1 frame_287.jpg

288 0.7067890763282776 0.7067890167236328 -0.021196186542510986 0.021196063607931137 -0.005161553621292114 -1.756813361453169e-08 -1.2187883853912354 1 frame_288.jpg

289 0.7070867419242859 0.7070866823196411 0.0053252833895385265 -0.0053254105150699615 -0.09985466301441193 -1.478014439726394e-07 -1.273228406906128 1 frame_289.jpg

290 0.7066506743431091 0.7066506147384644 0.025393841788172722 -0.025393972173333168 -0.17135900259017944 -1.3203876392253733e-07 -1.3239085674285889 1 frame_290.jpg

291 0.7056469321250916 0.705646812915802 0.04541444033384323 -0.04541457071900368 -0.2488284409046173 -2.425960019536433e-07 -1.3703279495239258 1 frame_291.jpg

292 0.7046621441841125 0.704662024974823 0.05874805524945259 -0.058748193085193634 -0.29990148544311523 -2.2009166400493996e-07 -1.4181444644927979 1 frame_292.jpg

293 0.7035225629806519 0.7035224437713623 0.07110612839460373 -0.07110626995563507 -0.3501974642276764 -1.98388221406276e-07 -1.4649040699005127 1 frame_293.jpg

294 0.7025082111358643 0.7025080323219299 0.08051279932260513 -0.0805128961801529 -0.38986676931381226 -4.2517271481301577e-07 -1.5130599737167358 1 frame_294.jpg

295 0.7017970085144043 0.7017969489097595 0.08649260550737381 -0.08649270236492157 -0.41521984338760376 -1.7443856847876305e-07 -1.5641940832138062 1 frame_295.jpg

296 0.7010361552238464 0.7010360360145569 0.09245745092630386 -0.0924575924873352 -0.44238704442977905 -2.318369212161997e-07 -1.6148136854171753 1 frame_296.jpg

297 0.7009691596031189 0.7009690403938293 0.09296395629644394 -0.09296396374702454 -0.44416865706443787 -3.6647577417170396e-07 -1.6719902753829956 1 frame_297.jpg

298 0.7009135484695435 0.7009135484695435 0.09338197112083435 -0.09338211268186569 -0.44566118717193604 7.192552686774434e-08 -1.7291908264160156 1 frame_298.jpg

299 0.7012100219726562 0.7012099623680115 0.09112905710935593 -0.09112919867038727 -0.4341146945953369 -2.2083676753936743e-07 -1.789655089378357 1 frame_299.jpg

300 0.7018573880195618 0.701857328414917 0.08600141853094101 -0.08600155264139175 -0.4071253836154938 -9.952715629424347e-08 -1.8533504009246826 1 frame_300.jpg

301 0.7024662494659424 0.7024662494659424 0.0808776244521141 -0.08087767660617828 -0.37841543555259705 1.1305895952773426e-07 -1.9165232181549072 1 frame_301.jpg

302 0.7036944031715393 0.7036943435668945 0.06938455998897552 -0.06938470155000687 -0.3153030276298523 -1.529602542404973e-07 -1.9852180480957031 1 frame_302.jpg

303 0.7047351598739624 0.7047350406646729 0.05786525830626488 -0.05786539241671562 -0.2480768859386444 -5.088835450806073e-07 -2.0516819953918457 1 frame_303.jpg

304 0.7058645486831665 0.7058644890785217 0.04189606383442879 -0.04189619794487953 -0.15356187522411346 -1.5334570946379245e-07 -2.117868423461914 1 frame_304.jpg

305 0.7067481279373169 0.7067480683326721 0.022518867626786232 -0.022518998011946678 -0.03521190583705902 -2.922169812791253e-07 -2.1801140308380127 1 frame_305.jpg

306 0.7071056962013245 0.7071056365966797 0.0012548231752589345 -0.0012549498351290822 0.09941411018371582 -2.149725446543016e-07 -2.2350072860717773 1 frame_306.jpg

307 0.7065937519073486 0.7065936326980591 -0.026933513581752777 0.026933349668979645 0.2782330811023712 -1.742478161759209e-07 -2.2768096923828125 1 frame_307.jpg

308 0.7049626708030701 0.7049625515937805 -0.055024776607751846 0.055024661123752594 0.46397194266319275 -4.2609124761838757e-07 -2.3039283752441406 1 frame_308.jpg

309 0.7014288902282715 0.7014287710189819 -0.08942954242229462 0.08942946791648865 0.6869385838508606 -2.4488241479048156e-07 -2.304124593734741 1 frame_309.jpg

310 0.6961419582366943 0.69614177942276 -0.1240423247218132 0.12404230237007141 0.9163120985031128 -6.387534767782199e-07 -2.2811942100524902 1 frame_310.jpg

311 0.6923513412475586 0.6913332343101501 -0.14603005349636078 0.14622998237609863 1.0591789484024048 -0.0033589110244065523 -2.2742886543273926 1 frame_311.jpg

312 0.6897585391998291 0.6871604323387146 -0.16105760633945465 0.16156795620918274 1.1553819179534912 -0.008694620802998543 -2.281686782836914 1 frame_312.jpg

313 0.6889640092849731 0.6844093799591064 -0.16820843517780304 0.1691695749759674 1.202871322631836 -0.015337993390858173 -2.3124701976776123 1 frame_313.jpg

314 0.6950990557670593 0.6872692704200745 -0.14820770919322968 0.1501091867685318 1.0669152736663818 -0.026646438986063004 -2.432758092880249 1 frame_314.jpg

315 0.7006597518920898 0.6895686388015747 -0.12813206017017365 0.13097019493579865 0.9215339422225952 -0.03875486180186272 -2.544593095779419 1 frame_315.jpg

316 0.7062141299247742 0.6923974752426147 -0.10260778665542603 0.10639038681983948 0.7343138456344604 -0.0493331104516983 -2.6592140197753906 1 frame_316.jpg

317 0.7111532688140869 0.6951218247413635 -0.07198388874530792 0.0767139121890068 0.5036563873291016 -0.05839357152581215 -2.7679152488708496 1 frame_317.jpg

318 0.7147696614265442 0.6965580582618713 -0.04129806160926819 0.04696458578109741 0.2603166401386261 -0.06795920431613922 -2.8560256958007812 1 frame_318.jpg

319 0.7159504294395447 0.697467029094696 -0.01847733184695244 0.024764463305473328 0.07828895002603531 -0.0697668120265007 -2.921945571899414 1 frame_319.jpg

320 0.7160921096801758 0.6979849338531494 0.0016566264675930142 0.005141829140484333 -0.08595775812864304 -0.0688362717628479 -2.9770095348358154 1 frame_320.jpg

321 0.7156693935394287 0.6979514360427856 0.021740984171628952 -0.0144377825781703 -0.2557315230369568 -0.06788135319948196 -3.0225753784179688 1 frame_321.jpg

322 0.7142747044563293 0.6984169483184814 0.035436585545539856 -0.02774234674870968 -0.370437890291214 -0.060509439557790756 -3.0656588077545166 1 frame_322.jpg

323 0.7125305533409119 0.698941707611084 0.0473170280456543 -0.03926529735326767 -0.4715009331703186 -0.05110156163573265 -3.106715679168701 1 frame_323.jpg

324 0.7105941772460938 0.699272096157074 0.05915362015366554 -0.05074756219983101 -0.5754144191741943 -0.041433706879615784 -3.144258737564087 1 frame_324.jpg

325 0.7083170413970947 0.7001708745956421 0.06767641007900238 -0.058886732906103134 -0.6498406529426575 -0.02765042334794998 -3.1844429969787598 1 frame_325.jpg

326 0.7058584094047546 0.7015010118484497 0.07394387573003769 -0.0647505596280098 -0.7040796279907227 -0.010808050632476807 -3.22727632522583 1 frame_326.jpg

327 0.7033490538597107 0.7027705311775208 0.08018864691257477 -0.07059358060359955 -0.7598381042480469 0.006496157497167587 -3.268968343734741 1 frame_327.jpg

328 0.700711190700531 0.7042739987373352 0.08549315482378006 -0.07545121759176254 -0.8077704310417175 0.025804763659834862 -3.311640977859497 1 frame_328.jpg

329 0.6977869868278503 0.706726610660553 0.08770611137151718 -0.07706121355295181 -0.8253301978111267 0.05092330649495125 -3.360840320587158 1 frame_329.jpg

330 0.6948556303977966 0.7091569304466248 0.0899108350276947 -0.07866515219211578 -0.8434051275253296 0.07675396651029587 -3.4096152782440186 1 frame_330.jpg

331 0.6919172406196594 0.7115648984909058 0.09210754185914993 -0.08026280999183655 -0.8619890809059143 0.10328640788793564 -3.457953929901123 1 frame_331.jpg

332 0.6884928345680237 0.7150943279266357 0.09162048250436783 -0.07888848334550858 -0.8528978824615479 0.1376325935125351 -3.5124764442443848 1 frame_332.jpg

333 0.6849051117897034 0.7189478278160095 0.09029541164636612 -0.07658830285072327 -0.8346006274223328 0.1752304881811142 -3.5684590339660645 1 frame_333.jpg

334 0.6813046336174011 0.7227646708488464 0.08897126466035843 -0.07429247349500656 -0.8158091902732849 0.2138700783252716 -3.6237668991088867 1 frame_334.jpg

335 0.6773636937141418 0.7271112203598022 0.08653662353754044 -0.07070458680391312 -0.7845049500465393 0.25772106647491455 -3.6807539463043213 1 frame_335.jpg

336 0.6725361347198486 0.7328137159347534 0.08127547055482864 -0.0638246089220047 -0.7212685346603394 0.3136017322540283 -3.7421810626983643 1 frame_336.jpg

337 0.6676358580589294 0.7384031414985657 0.07602003216743469 -0.05695765092968941 -0.6562985181808472 0.371023565530777 -3.801464319229126 1 frame_337.jpg

338 0.6626645922660828 0.7438794374465942 0.07077133655548096 -0.050104886293411255 -0.5896496772766113 0.4299379289150238 -3.858535051345825 1 frame_338.jpg

339 0.6557095050811768 0.7516176700592041 0.06084335967898369 -0.03760283440351486 -0.4678465723991394 0.5123326778411865 -3.9175007343292236 1 frame_339.jpg

340 0.6482698917388916 0.7593561410903931 0.0503019280731678 -0.024374833330512047 -0.335811585187912 0.5997461080551147 -3.9708282947540283 1 frame_340.jpg

341 0.6405960917472839 0.7667656540870667 0.039775360375642776 -0.011181126348674297 -0.20081652700901031 0.6891239285469055 -4.017529487609863 1 frame_341.jpg

342 0.6303339004516602 0.7758964896202087 0.02455795370042324 0.007794684264808893 -0.00748607749119401 0.8043235540390015 -4.0528998374938965 1 frame_342.jpg

343 0.618186891078949 0.7854303121566772 0.006709365639835596 0.029986167326569557 0.2206554263830185 0.9350680708885193 -4.070577144622803 1 frame_343.jpg

344 0.6054370999336243 0.7941107749938965 -0.011083608493208885 0.05206872895359993 0.45139482617378235 1.0673035383224487 -4.071025371551514 1 frame_344.jpg

345 0.5893014073371887 0.8032518029212952 -0.03349366784095764 0.07992876321077347 0.7383101582527161 1.2229795455932617 -4.035888195037842 1 frame_345.jpg

346 0.5700808763504028 0.8117918372154236 -0.0591551773250103 0.11181460320949554 1.0631648302078247 1.3941316604614258 -3.957487106323242 1 frame_346.jpg

347 0.549727737903595 0.8185915946960449 -0.08460132032632828 0.14335207641124725 1.383294939994812 1.5627909898757935 -3.845780849456787 1 frame_347.jpg

348 0.5339493155479431 0.8226478099822998 -0.10297644883394241 0.16596530377864838 1.6047364473342896 1.6824904680252075 -3.7566921710968018 1 frame_348.jpg

349 0.5208120346069336 0.8253583312034607 -0.11746685951948166 0.18368442356586456 1.7734148502349854 1.7760248184204102 -3.6842384338378906 1 frame_349.jpg

350 0.5073612332344055 0.8274807333946228 -0.1318189650774002 0.2012062668800354 1.9401944875717163 1.8685078620910645 -3.602097272872925 1 frame_350.jpg

351 0.5081682205200195 0.8285369873046875 -0.1289965659379959 0.19659946858882904 1.898628830909729 1.8671585321426392 -3.6739964485168457 1 frame_351.jpg

352 0.5169860124588013 0.8288482427597046 -0.11640608310699463 0.17940384149551392 1.731948733329773 1.8103293180465698 -3.8305068016052246 1 frame_352.jpg

353 0.5254955887794495 0.8287198543548584 -0.10380348563194275 0.1621808409690857 1.557143211364746 1.7507469654083252 -3.977921962738037 1 frame_353.jpg

354 0.5399056673049927 0.8269965052604675 -0.0824781209230423 0.13332664966583252 1.2624244689941406 1.6428046226501465 -4.174893379211426 1 frame_354.jpg

355 0.5556503534317017 0.8233622312545776 -0.0577826090157032 0.09994256496429443 0.9069573283195496 1.5107766389846802 -4.36401891708374 1 frame_355.jpg

356 0.5702351927757263 0.8181176781654358 -0.03307203948497772 0.06649525463581085 0.5345355272293091 1.3724467754364014 -4.517841339111328 1 frame_356.jpg

357 0.5794641971588135 0.8138293027877808 -0.014477360993623734 0.04115341603755951 0.25076767802238464 1.2784854173660278 -4.618870735168457 1 frame_357.jpg

358 0.5874860286712646 0.8090500235557556 0.0032367317471653223 0.016963832080364227 -0.026546679437160492 1.1887842416763306 -4.698289394378662 1 frame_358.jpg

359 0.5948975086212158 0.8034988641738892 0.020870890468358994 -0.007137511856853962 -0.30972427129745483 1.0971837043762207 -4.758918285369873 1 frame_359.jpg

360 0.5982062220573425 0.8003741502761841 0.03222997859120369 -0.02262163907289505 -0.4907335937023163 1.0523239374160767 -4.802127838134766 1 frame_360.jpg

361 0.6008866429328918 0.7973241806030273 0.04283421114087105 -0.03707535192370415 -0.6622110605239868 1.0122933387756348 -4.838346004486084 1 frame_361.jpg

362 0.6033535003662109 0.7940203547477722 0.0533762201666832 -0.05145146697759628 -0.83580082654953 0.9717659950256348 -4.867927074432373 1 frame_362.jpg

363 0.6037934422492981 0.7925176024436951 0.06039338931441307 -0.060843903571367264 -0.9497982263565063 0.9582859873771667 -4.897376537322998 1 frame_363.jpg

364 0.6033215522766113 0.7918733954429626 0.06577347964048386 -0.06792247295379639 -1.0364750623703003 0.957443118095398 -4.927401065826416 1 frame_364.jpg

365 0.6028040647506714 0.7911694049835205 0.07112421095371246 -0.07496395707130432 -1.1241247653961182 0.956586480140686 -4.955752372741699 1 frame_365.jpg

366 0.6018000245094299 0.7909428477287292 0.07563578337430954 -0.08077935874462128 -1.197977066040039 0.9625443816184998 -4.984532833099365 1 frame_366.jpg

367 0.5992512702941895 0.7925379872322083 0.07733393460512161 -0.08246849477291107 -1.221484899520874 0.9923539161682129 -5.019717216491699 1 frame_367.jpg

368 0.5967020988464355 0.7941161394119263 0.0790250226855278 -0.08415054529905319 -1.2453062534332275 1.0225498676300049 -5.054431438446045 1 frame_368.jpg

369 0.594153106212616 0.7956772446632385 0.08070879429578781 -0.08582527935504913 -1.2694307565689087 1.053120732307434 -5.088664531707764 1 frame_369.jpg

370 0.5906257033348083 0.7983665466308594 0.08081980794668198 -0.08509019017219543 -1.2645771503448486 1.0988085269927979 -5.126420497894287 1 frame_370.jpg

371 0.5863076448440552 0.8019365668296814 0.07966961711645126 -0.08242484927177429 -1.235933780670166 1.157008409500122 -5.166507244110107 1 frame_371.jpg

372 0.5819880962371826 0.8054569959640503 0.07852195203304291 -0.07976951450109482 -1.2069629430770874 1.2158807516098022 -5.20557165145874 1 frame_372.jpg

373 0.5776682496070862 0.8089276552200317 0.07737722992897034 -0.07712487131357193 -1.1776829957962036 1.2753931283950806 -5.243600845336914 1 frame_373.jpg

374 0.571989119052887 0.8137388229370117 0.0744096040725708 -0.0715598464012146 -1.1131651401519775 1.3547879457473755 -5.283019065856934 1 frame_374.jpg

375 0.5657534599304199 0.8189671039581299 0.07074765115976334 -0.06488991528749466 -1.0344243049621582 1.4424937963485718 -5.320807456970215 1 frame_375.jpg

376 0.5594815611839294 0.8240665197372437 0.06709666550159454 -0.05824785679578781 -0.9549049735069275 1.5310715436935425 -5.355762004852295 1 frame_376.jpg

377 0.5531747937202454 0.8290385007858276 0.06345680356025696 -0.05163377523422241 -0.8746556639671326 1.620463490486145 -5.387869834899902 1 frame_377.jpg

378 0.5452503561973572 0.8352136611938477 0.05796698480844498 -0.0419527068734169 -0.757722020149231 1.7312922477722168 -5.415313720703125 1 frame_378.jpg

379 0.5367701649665833 0.8415422439575195 0.05194534361362457 -0.0314033068716526 -0.6292760968208313 1.849050521850586 -5.436845302581787 1 frame_379.jpg

380 0.528198778629303 0.8476191759109497 0.04594360291957855 -0.020904330536723137 -0.5000632405281067 1.967512607574463 -5.452652454376221 1 frame_380.jpg

381 0.5195425748825073 0.853445291519165 0.03996487706899643 -0.01046081818640232 -0.3702695071697235 2.0865089893341064 -5.462721824645996 1 frame_381.jpg

382 0.5094473361968994 0.8598832488059998 0.032529447227716446 0.002457834081724286 -0.21202002465724945 2.2213170528411865 -5.460992336273193 1 frame_382.jpg

383 0.4986780881881714 0.8662865161895752 0.024542342871427536 0.01629597134888172 -0.04259874299168587 2.362312078475952 -5.448468208312988 1 frame_383.jpg

384 0.4877694249153137 0.8722975254058838 0.01659298501908779 0.030044741928577423 0.1266162097454071 2.5031349658966064 -5.427135467529297 1 frame_384.jpg

385 0.4767289161682129 0.8779205679893494 0.008684318512678146 0.04369928315281868 0.295343816280365 2.6435537338256836 -5.397049427032471 1 frame_385.jpg

386 0.4651009738445282 0.8833382725715637 0.0002545712050050497 0.05826258286833763 0.4723968505859375 2.786410331726074 -5.354369640350342 1 frame_386.jpg

387 0.45288679003715515 0.8884773254394531 -0.008659740909934044 0.07366587966680527 0.6567370891571045 2.9311046600341797 -5.298292636871338 1 frame_387.jpg

388 0.4405270218849182 0.8931512832641602 -0.01751488260924816 0.08893812447786331 0.8392755389213562 3.0743844509124756 -5.232324600219727 1 frame_388.jpg

389 0.4280335605144501 0.897365391254425 -0.02630538120865822 0.10407058894634247 1.0196484327316284 3.215963125228882 -5.156633377075195 1 frame_389.jpg

390 0.4155121147632599 0.9011085033416748 -0.03493298217654228 0.11888159811496735 1.1953808069229126 3.354482412338257 -5.07253360748291 1 frame_390.jpg

391 0.40767160058021545 0.9037114977836609 -0.03884441778063774 0.12490219622850418 1.2632479667663574 3.4372129440307617 -5.039029121398926 1 frame_391.jpg

392 0.39983484148979187 0.9061899781227112 -0.04272531345486641 0.1308678835630417 1.3307503461837769 3.5194952487945557 -5.003495693206787 1 frame_392.jpg

393 0.39200374484062195 0.9085458517074585 -0.046575166285037994 0.13677829504013062 1.3978548049926758 3.6012935638427734 -4.965958118438721 1 frame_393.jpg

394 0.3841802775859833 0.9107808470726013 -0.050393667072057724 0.1426330953836441 1.4645304679870605 3.6825664043426514 -4.926442623138428 1 frame_394.jpg

395 0.3763670027256012 0.9128968119621277 -0.05418006703257561 0.14843131601810455 1.5307399034500122 3.7632734775543213 -4.884979724884033 1 frame_395.jpg

396 0.37719792127609253 0.9147446155548096 -0.0491148941218853 0.13620495796203613 1.3988326787948608 3.7609715461730957 -4.9649505615234375 1 frame_396.jpg

397 0.3780212998390198 0.9164121747016907 -0.04400893673300743 0.12390251457691193 1.2631731033325195 3.75799560546875 -5.041673183441162 1 frame_397.jpg

398 0.3787711262702942 0.9179039001464844 -0.038931455463171005 0.11166563630104065 1.1254433393478394 3.7549948692321777 -5.11415433883667 1 frame_398.jpg

399 0.3794485628604889 0.9192230105400085 -0.03388379141688347 0.09949759393930435 0.9858156442642212 3.7519705295562744 -5.182362079620361 1 frame_399.jpg

400 0.38433408737182617 0.9192736744880676 -0.025730378925800323 0.0810013860464096 0.7756534218788147 3.7036147117614746 -5.291126251220703 1 frame_400.jpg

401 0.3896864354610443 0.9187261462211609 -0.01712821237742901 0.06159104034304619 0.5500792264938354 3.646939277648926 -5.396632194519043 1 frame_401.jpg

402 0.3948139250278473 0.917746901512146 -0.008582421578466892 0.04229682683944702 0.320372998714447 3.589226484298706 -5.491171836853027 1 frame_402.jpg

403 0.3997178077697754 0.9163463711738586 -9.755777864484116e-05 0.023129506036639214 0.08710777759552002 3.530623197555542 -5.574650764465332 1 frame_403.jpg

404 0.40440183877944946 0.914526104927063 0.006920850370079279 0.007298189681023359 -0.10572412610054016 3.4727284908294678 -5.647815704345703 1 frame_404.jpg

405 0.40892988443374634 0.9124417901039124 0.013288195244967937 -0.007055058144032955 -0.2821294069290161 3.4147987365722656 -5.714074611663818 1 frame_405.jpg

406 0.41331127285957336 0.9101298451423645 0.019600149244070053 -0.021289650350809097 -0.4601990878582001 3.3563263416290283 -5.773724555969238 1 frame_406.jpg

407 0.4175485074520111 0.9075964093208313 0.025856172665953636 -0.03540399670600891 -0.6396980881690979 3.2973852157592773 -5.826785564422607 1 frame_407.jpg

408 0.42167583107948303 0.9049522280693054 0.031262386590242386 -0.047682005912065506 -0.7966259717941284 3.239013433456421 -5.876144886016846 1 frame_408.jpg

409 0.4257510006427765 0.9023417830467224 0.03536384180188179 -0.05713842809200287 -0.9166498780250549 3.1817843914031982 -5.925708770751953 1 frame_409.jpg

410 0.42973655462265015 0.8996382355690002 0.03942563757300377 -0.0665065124630928 -1.0373483896255493 3.1242384910583496 -5.971858978271484 1 frame_410.jpg

411 0.43363383412361145 0.896844744682312 0.04344753175973892 -0.07578571885824203 -1.1586229801177979 3.0664196014404297 -6.014616966247559 1 frame_411.jpg

412 0.43744349479675293 0.8939647674560547 0.047429054975509644 -0.08497456461191177 -1.2803654670715332 3.008380174636841 -6.054001331329346 1 frame_412.jpg

413 0.4414404034614563 0.8912985920906067 0.04974900558590889 -0.09078681468963623 -1.3555129766464233 2.9502553939819336 -6.100805282592773 1 frame_413.jpg

414 0.4454173743724823 0.8886489868164062 0.05179712176322937 -0.09603855013847351 -1.4237498044967651 2.891887664794922 -6.147416114807129 1 frame_414.jpg

415 0.4493338167667389 0.8859758377075195 0.05382360517978668 -0.10123692452907562 -1.4922503232955933 2.833296775817871 -6.192287445068359 1 frame_415.jpg

416 0.4531899690628052 0.8832808136940002 0.05582839995622635 -0.10638145357370377 -1.5609722137451172 2.774522304534912 -6.23543119430542 1 frame_416.jpg

417 0.4570775628089905 0.880600094795227 0.05753869563341141 -0.11096351593732834 -1.6224082708358765 2.715000867843628 -6.279105186462402 1 frame_417.jpg

418 0.46142578125 0.8781066536903381 0.05769450217485428 -0.11263319104909897 -1.641696572303772 2.6518728733062744 -6.334075450897217 1 frame_418.jpg

419 0.46571892499923706 0.8756134510040283 0.05784720182418823 -0.11428341269493103 -1.661067008972168 2.5884902477264404 -6.38782262802124 1 frame_419.jpg

420 0.46995705366134644 0.8731212019920349 0.057996854186058044 -0.11591435223817825 -1.6805107593536377 2.524886131286621 -6.440352439880371 1 frame_420.jpg

421 0.47414010763168335 0.8706309199333191 0.05814342200756073 -0.11752576380968094 -1.7000138759613037 2.4610965251922607 -6.4916672706604 1 frame_421.jpg

422 0.4785536229610443 0.8681595325469971 0.05770808830857277 -0.11813252419233322 -1.704547643661499 2.3943123817443848 -6.546922206878662 1 frame_422.jpg

423 0.48362553119659424 0.8657239675521851 0.05581580102443695 -0.11624520272016525 -1.670933723449707 2.320028781890869 -6.613697528839111 1 frame_423.jpg

424 0.48862478137016296 0.8632814288139343 0.0539415180683136 -0.11437372118234634 -1.6371897459030151 2.2454495429992676 -6.6787567138671875 1 frame_424.jpg

425 0.4935522973537445 0.860832691192627 0.052085261791944504 -0.11251791566610336 -1.6033310890197754 2.170607328414917 -6.742117881774902 1 frame_425.jpg

426 0.49840760231018066 0.8583794832229614 0.05024755001068115 -0.11067838966846466 -1.5693858861923218 2.0955657958984375 -6.803784370422363 1 frame_426.jpg

427 0.5037105679512024 0.8558500409126282 0.04751618206501007 -0.10741773992776871 -1.512405276298523 2.013946056365967 -6.87103796005249 1 frame_427.jpg

428 0.5099257826805115 0.8531380295753479 0.04303549975156784 -0.10138584673404694 -1.410114049911499 1.9193964004516602 -6.9494948387146 1 frame_428.jpg

429 0.5160186290740967 0.8503711819648743 0.03860170394182205 -0.09541267901659012 -1.3074339628219604 1.8244858980178833 -7.024268627166748 1 frame_429.jpg

430 0.5219886302947998 0.8475533723831177 0.0342165008187294 -0.08950074017047882 -1.2044861316680908 1.7293232679367065 -7.095383167266846 1 frame_430.jpg

431 0.5278375148773193 0.8446877002716064 0.029880164191126823 -0.08365053683519363 -1.1013565063476562 1.6339893341064453 -7.1628923416137695 1 frame_431.jpg

432 0.5343968868255615 0.841502845287323 0.02407124452292919 -0.07558760792016983 -0.9598070979118347 1.5262861251831055 -7.234978675842285 1 frame_432.jpg

433 0.5420147776603699 0.8377618193626404 0.016030939295887947 -0.06417279690504074 -0.7596640586853027 1.399679183959961 -7.312266826629639 1 frame_433.jpg

434 0.5493941307067871 0.833848774433136 0.008088422939181328 -0.05288589373230934 -0.5593125224113464 1.2729376554489136 -7.380945205688477 1 frame_434.jpg

435 0.5565395355224609 0.8297724723815918 0.0002446795115247369 -0.041728902608156204 -0.35903307795524597 1.1462376117706299 -7.441182613372803 1 frame_435.jpg

436 0.5634539723396301 0.8255425691604614 -0.007497578393667936 -0.030705802142620087 -0.15913596749305725 1.0197803974151611 -7.4931559562683105 1 frame_436.jpg

437 0.5712429881095886 0.8204315900802612 -0.017704585567116737 -0.016123151406645775 0.1051718071103096 0.8734437227249146 -7.5389790534973145 1 frame_437.jpg

438 0.5796594619750977 0.8142996430397034 -0.03013611026108265 0.0016837422735989094 0.42854729294776917 0.7089785933494568 -7.570992946624756 1 frame_438.jpg

439 0.5876321196556091 0.8077882528305054 -0.042381297796964645 0.019247403368353844 0.749605119228363 0.5456885099411011 -7.585417747497559 1 frame_439.jpg

440 0.5951682329177856 0.8009218573570251 -0.05443141981959343 0.03655412420630455 1.0674769878387451 0.38401928544044495 -7.5828166007995605 1 frame_440.jpg

441 0.6022765040397644 0.7937241196632385 -0.06627918779850006 0.05359252542257309 1.3813726902008057 0.22437269985675812 -7.563800811767578 1 frame_441.jpg

442 0.6095167994499207 0.785151481628418 -0.08073516190052032 0.07421749830245972 1.7585489749908447 0.051234081387519836 -7.512819290161133 1 frame_442.jpg

443 0.6164149045944214 0.7755562663078308 -0.09626065939664841 0.09632772952318192 2.1604726314544678 -0.12592339515686035 -7.430497169494629 1 frame_443.jpg

444 0.622684895992279 0.7654467225074768 -0.1114700585603714 0.11802227795124054 2.5525970458984375 -0.29876047372817993 -7.32425594329834 1 frame_444.jpg

445 0.6283451914787292 0.7548620700836182 -0.12635326385498047 0.13928528130054474 2.933769464492798 -0.4667707681655884 -7.195448875427246 1 frame_445.jpg

446 0.6334143280982971 0.7438421249389648 -0.14090028405189514 0.16010108590126038 3.3029370307922363 -0.6294857263565063 -7.0454888343811035 1 frame_446.jpg

447 0.6374961733818054 0.7326902747154236 -0.15538190305233002 0.1806102991104126 3.6592800617218018 -0.7778362035751343 -6.87451696395874 1 frame_447.jpg

448 0.640783429145813 0.7213292717933655 -0.16966910660266876 0.20073135197162628 4.001728057861328 -0.9153156280517578 -6.685064315795898 1 frame_448.jpg

449 0.6435476541519165 0.709632158279419 -0.18359290063381195 0.22036844491958618 4.329674243927002 -1.0469714403152466 -6.479430675506592 1 frame_449.jpg

450 0.6458103656768799 0.6976360082626343 -0.1971471756696701 0.2395116239786148 4.6425862312316895 -1.1725926399230957 -6.259093761444092 1 frame_450.jpg

451 0.6475936770439148 0.6853762269020081 -0.21032847464084625 0.25815463066101074 4.940078258514404 -1.2920202016830444 -6.025509357452393 1 frame_451.jpg

452 0.648919403553009 0.6728885769844055 -0.22313283383846283 0.27629029750823975 5.221834659576416 -1.405130386352539 -5.78013801574707 1 frame_452.jpg

453 0.6491592526435852 0.6700208187103271 -0.22599159181118011 0.28034287691116333 5.285939693450928 -1.4308319091796875 -5.738541603088379 1 frame_453.jpg

454 0.6491592526435852 0.6700208187103271 -0.22599159181118011 0.28034287691116333 5.288807392120361 -1.431942343711853 -5.758516788482666 1 frame_454.jpg

455 0.6491592526435852 0.6700208187103271 -0.22599159181118011 0.28034287691116333 5.291621208190918 -1.4330317974090576 -5.77810525894165 1 frame_455.jpg

456 0.6491592526435852 0.6700208187103271 -0.22599159181118011 0.28034287691116333 5.294377326965332 -1.4340990781784058 -5.797303199768066 1 frame_456.jpg

457 0.6491592526435852 0.6700208187103271 -0.22599159181118011 0.28034287691116333 5.297077655792236 -1.4351445436477661 -5.8161091804504395 1 frame_457.jpg

458 0.6491592526435852 0.6700208187103271 -0.22599159181118011 0.28034287691116333 5.299722194671631 -1.4361685514450073 -5.834524631500244 1 frame_458.jpg

459 0.6491592526435852 0.6700208187103271 -0.22599159181118011 0.28034287691116333 5.302310466766357 -1.4371707439422607 -5.852548599243164 1 frame_459.jpg

460 0.6491592526435852 0.6700208187103271 -0.22599159181118011 0.28034287691116333 5.304840564727783 -1.4381510019302368 -5.870171546936035 1 frame_460.jpg

461 0.6491592526435852 0.6700208187103271 -0.22599159181118011 0.28034287691116333 5.307314395904541 -1.4391084909439087 -5.887397766113281 1 frame_461.jpg

462 0.6491592526435852 0.6700208187103271 -0.22599159181118011 0.28034287691116333 5.309731483459473 -1.4400440454483032 -5.904228687286377 1 frame_462.jpg

463 0.6491592526435852 0.6700208187103271 -0.22599159181118011 0.28034287691116333 5.312090873718262 -1.4409575462341309 -5.920656681060791 1 frame_463.jpg

464 0.6491592526435852 0.6700208187103271 -0.22599159181118011 0.28034287691116333 5.31439208984375 -1.4418485164642334 -5.936681747436523 1 frame_464.jpg

465 0.6491592526435852 0.6700208187103271 -0.22599159181118011 0.28034287691116333 5.316634654998779 -1.4427169561386108 -5.952298641204834 1 frame_465.jpg

466 0.6491592526435852 0.6700208187103271 -0.22599159181118011 0.28034287691116333 5.318819046020508 -1.4435622692108154 -5.967507839202881 1 frame_466.jpg

467 0.6491592526435852 0.6700208187103271 -0.22599159181118011 0.28034287691116333 5.320943832397461 -1.444385290145874 -5.982310771942139 1 frame_467.jpg

468 0.6491592526435852 0.6700208187103271 -0.22599159181118011 0.28034287691116333 5.32301139831543 -1.4451855421066284 -5.99669885635376 1 frame_468.jpg

469 0.6491592526435852 0.6700208187103271 -0.22599159181118011 0.28034287691116333 5.32501745223999 -1.445962905883789 -6.010678291320801 1 frame_469.jpg

470 0.6491592526435852 0.6700208187103271 -0.22599159181118011 0.28034287691116333 5.326964855194092 -1.4467170238494873 -6.024239540100098 1 frame_470.jpg

471 0.6491592526435852 0.6700208187103271 -0.22599159181118011 0.28034287691116333 5.328852653503418 -1.4474472999572754 -6.037384986877441 1 frame_471.jpg

472 0.6491592526435852 0.6700208187103271 -0.22599159181118011 0.28034287691116333 5.330681324005127 -1.4481552839279175 -6.050115585327148 1 frame_472.jpg

473 0.6491592526435852 0.6700208187103271 -0.22599159181118011 0.28034287691116333 5.3324480056762695 -1.448839545249939 -6.0624213218688965 1 frame_473.jpg

474 0.6491592526435852 0.6700208187103271 -0.22599159181118011 0.28034287691116333 5.334153652191162 -1.4495000839233398 -6.074300765991211 1 frame_474.jpg

475 0.6491592526435852 0.6700208187103271 -0.22599159181118011 0.28034287691116333 5.335799217224121 -1.4501376152038574 -6.085765361785889 1 frame_475.jpg

476 0.6491592526435852 0.6700208187103271 -0.22599159181118011 0.28034287691116333 5.337384223937988 -1.4507505893707275 -6.09679651260376 1 frame_476.jpg

477 0.6491592526435852 0.6700208187103271 -0.22599159181118011 0.28034287691116333 5.3389081954956055 -1.451340675354004 -6.107405185699463 1 frame_477.jpg

478 0.6491592526435852 0.6700208187103271 -0.22599159181118011 0.28034287691116333 5.340368270874023 -1.4519068002700806 -6.11758279800415 1 frame_478.jpg

479 0.6491592526435852 0.6700208187103271 -0.22599159181118011 0.28034287691116333 5.341768741607666 -1.4524486064910889 -6.127327919006348 1 frame_479.jpg

480 0.6491592526435852 0.6700208187103271 -0.22599159181118011 0.28034287691116333 5.343103408813477 -1.4529660940170288 -6.136631965637207 1 frame_480.jpg

481 0.6491592526435852 0.6700208187103271 -0.22599159181118011 0.28034287691116333 5.344379425048828 -1.4534597396850586 -6.145512104034424 1 frame_481.jpg

482 0.6491592526435852 0.6700208187103271 -0.22599159181118011 0.28034287691116333 5.345590591430664 -1.4539282321929932 -6.1539459228515625 1 frame_482.jpg

483 0.6491592526435852 0.6700208187103271 -0.22599159181118011 0.28034287691116333 5.346737861633301 -1.4543732404708862 -6.161942005157471 1 frame_483.jpg

484 0.6491592526435852 0.6700208187103271 -0.22599159181118011 0.28034287691116333 5.347823143005371 -1.4547932147979736 -6.169499397277832 1 frame_484.jpg

485 0.6491592526435852 0.6700208187103271 -0.22599159181118011 0.28034287691116333 5.348845481872559 -1.4551892280578613 -6.176611423492432 1 frame_485.jpg

486 0.6491592526435852 0.6700208187103271 -0.22599159181118011 0.28034287691116333 5.3498029708862305 -1.4555593729019165 -6.183278560638428 1 frame_486.jpg

487 0.6491592526435852 0.6700208187103271 -0.22599159181118011 0.28034287691116333 5.350695610046387 -1.4559053182601929 -6.189496994018555 1 frame_487.jpg

488 0.6491592526435852 0.6700208187103271 -0.22599159181118011 0.28034287691116333 5.351524353027344 -1.4562268257141113 -6.195272922515869 1 frame_488.jpg

489 0.6491592526435852 0.6700208187103271 -0.22599159181118011 0.28034287691116333 5.352290153503418 -1.4565221071243286 -6.200592517852783 1 frame_489.jpg

490 0.6491592526435852 0.6700208187103271 -0.22599159181118011 0.28034287691116333 5.352987289428711 -1.4567928314208984 -6.205456256866455 1 frame_490.jpg

491 0.6491592526435852 0.6700208187103271 -0.22599159181118011 0.28034287691116333 5.353619575500488 -1.4570375680923462 -6.209870338439941 1 frame_491.jpg

492 0.6491592526435852 0.6700208187103271 -0.22599159181118011 0.28034287691116333 5.354189395904541 -1.4572581052780151 -6.213828086853027 1 frame_492.jpg

493 0.6491592526435852 0.6700208187103271 -0.22599159181118011 0.28034287691116333 5.354691505432129 -1.4574525356292725 -6.217326641082764 1 frame_493.jpg

494 0.6491592526435852 0.6700208187103271 -0.22599159181118011 0.28034287691116333 5.355128288269043 -1.4576207399368286 -6.220365524291992 1 frame_494.jpg

495 0.6491592526435852 0.6700208187103271 -0.22599159181118011 0.28034287691116333 5.35549783706665 -1.4577643871307373 -6.222939491271973 1 frame_495.jpg

496 0.6491592526435852 0.6700208187103271 -0.22599159181118011 0.28034287691116333 5.355801105499268 -1.4578814506530762 -6.225050449371338 1 frame_496.jpg

497 0.6491592526435852 0.6700208187103271 -0.22599159181118011 0.28034287691116333 5.356038570404053 -1.4579733610153198 -6.2267022132873535 1 frame_497.jpg

498 0.6491592526435852 0.6700208187103271 -0.22599159181118011 0.28034287691116333 5.356207847595215 -1.4580388069152832 -6.227879524230957 1 frame_498.jpg

499 0.6491592526435852 0.6700208187103271 -0.22599159181118011 0.28034287691116333 5.3563079833984375 -1.458078384399414 -6.2285847663879395 1 frame_499.jpg

500 0.6491592526435852 0.6700208187103271 -0.22599159181118011 0.28034287691116333 5.35634183883667 -1.4580918550491333 -6.228819847106934 1 frame_500.jpg

