# Image list generated by blender-exporter-colmap
1 0.0 1.0 0.0 -0.0 0.0011274531716480851 -10.37415599822998 0.0 1 frame_1.jpg

2 0.0 1.0 0.0 -0.0 0.001128099742345512 -10.37343978881836 0.0 1 frame_2.jpg

3 0.0 1.0 0.0 -0.0 0.0011291762348264456 -10.372247695922852 0.0 1 frame_3.jpg

4 0.0 1.0 0.0 -0.0 0.0011306805536150932 -10.370582580566406 0.0 1 frame_4.jpg

5 0.0 1.0 0.0 -0.0 0.0011326104868203402 -10.368446350097656 0.0 1 frame_5.jpg

6 0.0 1.0 0.0 -0.0 0.00113496498670429 -10.365839958190918 0.0 1 frame_6.jpg

7 0.0 1.0 0.0 -0.0 0.0011377414921298623 -10.36276626586914 0.0 1 frame_7.jpg

8 0.0 1.0 0.0 -0.0 0.0011409391881898046 -10.35922622680664 0.0 1 frame_8.jpg

9 0.0 1.0 0.0 -0.0 0.001144555862993002 -10.355222702026367 0.0 1 frame_9.jpg

10 0.0 1.0 0.0 -0.0 0.0011485896538943052 -10.350757598876953 0.0 1 frame_10.jpg

11 0.0 1.0 0.0 -0.0 0.0011530384654179215 -10.345831871032715 0.0 1 frame_11.jpg

12 0.0 1.0 0.0 -0.0 0.0011579012498259544 -10.340448379516602 0.0 1 frame_12.jpg

13 0.0 1.0 0.0 -0.0 0.0011631767265498638 -10.334609031677246 0.0 1 frame_13.jpg

14 0.0 1.0 0.0 -0.0 0.0011688625672832131 -10.328314781188965 0.0 1 frame_14.jpg

15 0.0 1.0 0.0 -0.0 0.001174956327304244 -10.321569442749023 0.0 1 frame_15.jpg

16 0.0 1.0 0.0 -0.0 0.0011814575409516692 -10.314372062683105 0.0 1 frame_16.jpg

17 0.0 1.0 0.0 -0.0 0.0011883627157658339 -10.306727409362793 0.0 1 frame_17.jpg

18 0.0 1.0 0.0 -0.0 0.0011956728994846344 -10.298635482788086 0.0 1 frame_18.jpg

19 0.0 1.0 0.0 -0.0 0.0012033834354951978 -10.290099143981934 0.0 1 frame_19.jpg

20 0.0 1.0 0.0 -0.0 0.0012114947894588113 -10.281120300292969 0.0 1 frame_20.jpg

21 0.0 1.0 0.0 -0.0 0.001220004167407751 -10.271700859069824 0.0 1 frame_21.jpg

22 0.0 1.0 0.0 -0.0 0.0012289092410355806 -10.261841773986816 0.0 1 frame_22.jpg

23 0.0 1.0 0.0 -0.0 0.0011215584818273783 -10.251546859741211 0.0 1 frame_23.jpg

24 0.0 1.0 0.0 -0.0 0.0009462040616199374 -10.24081802368164 0.0 1 frame_24.jpg

25 0.0 1.0 0.0 -0.0 0.0007637786911800504 -10.229655265808105 0.0 1 frame_25.jpg

26 0.0 1.0 0.0 -0.0 0.0005743133369833231 -10.218061447143555 0.0 1 frame_26.jpg

27 0.0 1.0 0.0 -0.0 0.00037783151492476463 -10.206039428710938 0.0 1 frame_27.jpg

28 0.0 1.0 0.0 -0.0 0.00017436040798202157 -10.193589210510254 0.0 1 frame_28.jpg

29 0.0 1.0 0.0 -0.0 -3.606302198022604e-05 -10.180713653564453 0.0 1 frame_29.jpg

30 0.0 1.0 0.0 -0.0 -0.00025342090521007776 -10.167413711547852 0.0 1 frame_30.jpg

31 0.0 1.0 0.0 -0.0 -0.00047765130875632167 -10.153693199157715 0.0 1 frame_31.jpg

32 0.0 1.0 0.0 -0.0 -0.0007087384583428502 -10.13955307006836 0.0 1 frame_32.jpg

33 0.0 1.0 0.0 -0.0 -0.0009466744959354401 -10.124994277954102 0.0 1 frame_33.jpg

34 0.0 1.0 0.0 -0.0 -0.0011913739144802094 -10.110021591186523 0.0 1 frame_34.jpg

35 0.0 1.0 0.0 -0.0 -0.0014428679132834077 -10.094632148742676 0.0 1 frame_35.jpg

36 0.0 1.0 0.0 -0.0 -0.002179402858018875 -10.078847885131836 0.0 1 frame_36.jpg

37 0.0 1.0 0.0 -0.0 -0.002966279862448573 -10.062654495239258 0.0 1 frame_37.jpg

38 0.0 1.0 0.0 -0.0 -0.003772979136556387 -10.046053886413574 0.0 1 frame_38.jpg

39 0.0 1.0 0.0 -0.0 -0.004599356092512608 -10.029047012329102 0.0 1 frame_39.jpg

40 0.0 1.0 0.0 -0.0 -0.0054453699849545956 -10.011636734008789 0.0 1 frame_40.jpg

41 0.0 1.0 0.0 -0.0 -0.006310969591140747 -9.993824005126953 0.0 1 frame_41.jpg

42 0.0 1.0 0.0 -0.0 -0.007195957005023956 -9.975611686706543 0.0 1 frame_42.jpg

43 0.0 1.0 0.0 -0.0 -0.008100315928459167 -9.956999778747559 0.0 1 frame_43.jpg

44 0.0 1.0 0.0 -0.0 -0.009321753866970539 -9.93801212310791 0.0 1 frame_44.jpg

45 0.0 1.0 0.0 -0.0 -0.01081651821732521 -9.918644905090332 0.0 1 frame_45.jpg

46 0.0 1.0 0.0 -0.0 -0.012341497465968132 -9.898885726928711 0.0 1 frame_46.jpg

47 0.0 1.0 0.0 -0.0 -0.013896530494093895 -9.878738403320312 0.0 1 frame_47.jpg

48 0.0 1.0 0.0 -0.0 -0.015481523238122463 -9.858201026916504 0.0 1 frame_48.jpg

49 0.0 1.0 0.0 -0.0 -0.017096348106861115 -9.837278366088867 0.0 1 frame_49.jpg

50 0.0 1.0 0.0 -0.0 -0.018825894221663475 -9.81597900390625 0.0 1 frame_50.jpg

51 0.0 1.0 0.0 -0.0 -0.020958563312888145 -9.794331550598145 0.0 1 frame_51.jpg

52 0.0 1.0 0.0 -0.0 -0.023128632456064224 -9.772302627563477 0.0 1 frame_52.jpg

53 0.0 1.0 0.0 -0.0 -0.02533595822751522 -9.749897003173828 0.0 1 frame_53.jpg

54 0.0 1.0 0.0 -0.0 -0.027580194175243378 -9.727116584777832 0.0 1 frame_54.jpg

55 0.0 1.0 0.0 -0.0 -0.029877185821533203 -9.703963279724121 0.0 1 frame_55.jpg

56 0.0 1.0 0.0 -0.0 -0.032415010035037994 -9.680458068847656 0.0 1 frame_56.jpg

57 0.0 1.0 0.0 -0.0 -0.034992679953575134 -9.656583786010742 0.0 1 frame_57.jpg

58 0.0 1.0 0.0 -0.0 -0.03761009871959686 -9.632341384887695 0.0 1 frame_58.jpg

59 0.0 1.0 0.0 -0.0 -0.04026687517762184 -9.607734680175781 0.0 1 frame_59.jpg

60 0.0 1.0 0.0 -0.0 -0.042812902480363846 -9.582747459411621 0.0 1 frame_60.jpg

61 0.0 1.0 0.0 -0.0 -0.04535830020904541 -9.557392120361328 0.0 1 frame_61.jpg

62 0.0 1.0 0.0 -0.0 -0.04793977737426758 -9.531679153442383 0.0 1 frame_62.jpg

63 0.0 1.0 0.0 -0.0 -0.050465188920497894 -9.505599975585938 0.0 1 frame_63.jpg

64 0.0 1.0 0.0 -0.0 -0.05235482007265091 -9.479104995727539 0.0 1 frame_64.jpg

65 0.0 1.0 0.0 -0.0 -0.05426983907818794 -9.452254295349121 0.0 1 frame_65.jpg

66 0.0 1.0 0.0 -0.0 -0.05621002987027168 -9.425049781799316 0.0 1 frame_66.jpg

67 0.0 1.0 0.0 -0.0 -0.05694016069173813 -9.397439002990723 0.0 1 frame_67.jpg

68 0.0 1.0 0.0 -0.0 -0.057463955134153366 -9.369466781616211 0.0 1 frame_68.jpg

69 0.0 1.0 0.0 -0.0 -0.05799424275755882 -9.341147422790527 0.0 1 frame_69.jpg

70 0.0 1.0 0.0 -0.0 -0.056731224060058594 -9.31251335144043 0.0 1 frame_70.jpg

71 0.0 1.0 0.0 -0.0 -0.05512538552284241 -9.283539772033691 0.0 1 frame_71.jpg

72 0.0 1.0 0.0 -0.0 -0.05350060760974884 -9.25422477722168 0.0 1 frame_72.jpg

73 0.0 1.0 0.0 -0.0 -0.04930480197072029 -9.224824905395508 0.0 1 frame_73.jpg

74 0.0 1.0 0.0 -0.0 -0.0449957475066185 -9.19509506225586 0.0 1 frame_74.jpg

75 0.0 1.0 0.0 -0.0 -0.040319040417671204 -9.165092468261719 0.0 1 frame_75.jpg

76 0.0 1.0 0.0 -0.0 -0.03312285989522934 -9.135233879089355 0.0 1 frame_76.jpg

77 0.0 1.0 0.0 -0.0 -0.025848526507616043 -9.105051040649414 0.0 1 frame_77.jpg

78 0.0 1.0 0.0 -0.0 -0.018099311739206314 -9.074660301208496 0.0 1 frame_78.jpg

79 0.0 1.0 0.0 -0.0 -0.008031146600842476 -9.044593811035156 0.0 1 frame_79.jpg

80 0.0 1.0 0.0 -0.0 0.0021411883644759655 -9.014215469360352 0.0 1 frame_80.jpg

81 0.0 1.0 0.0 -0.0 0.012417161837220192 -8.983528137207031 0.0 1 frame_81.jpg

82 0.0 1.0 0.0 -0.0 0.021648630499839783 -8.952174186706543 0.0 1 frame_82.jpg

83 0.0 1.0 0.0 -0.0 0.030946409329771996 -8.920504570007324 0.0 1 frame_83.jpg

84 0.0 1.0 0.0 -0.0 0.04033464938402176 -8.88852596282959 0.0 1 frame_84.jpg

85 0.0 1.0 0.0 -0.0 0.04471452534198761 -8.855195999145508 0.0 1 frame_85.jpg

86 0.0 1.0 0.0 -0.0 0.048761092126369476 -8.8214750289917 0.0 1 frame_86.jpg

87 0.0 1.0 0.0 -0.0 0.050848573446273804 -8.787370681762695 0.0 1 frame_87.jpg

88 0.0 1.0 0.0 -0.0 0.049204155802726746 -8.752822875976562 0.0 1 frame_88.jpg

89 0.0 1.0 0.0 -0.0 0.04717626795172691 -8.71800708770752 0.0 1 frame_89.jpg

90 0.0 1.0 0.0 -0.0 0.04035792127251625 -8.683466911315918 0.0 1 frame_90.jpg

91 0.0 1.0 0.0 -0.0 0.0334799699485302 -8.648624420166016 0.0 1 frame_91.jpg

92 0.0 1.0 0.0 -0.0 0.022758670151233673 -8.614448547363281 0.0 1 frame_92.jpg

93 0.0 1.0 0.0 -0.0 0.011821662075817585 -8.580025672912598 0.0 1 frame_93.jpg

94 0.0 1.0 0.0 -0.0 -0.0012038210406899452 -8.546010971069336 0.0 1 frame_94.jpg

95 0.0 1.0 0.0 -0.0 -0.014368485659360886 -8.51172924041748 0.0 1 frame_95.jpg

96 0.0 1.0 0.0 -0.0 -0.02776382677257061 -8.477219581604004 0.0 1 frame_96.jpg

97 0.0 1.0 0.0 -0.0 -0.04030914977192879 -8.442094802856445 0.0 1 frame_97.jpg

98 0.0 1.0 0.0 -0.0 -0.05182790383696556 -8.406294822692871 0.0 1 frame_98.jpg

99 0.0 1.0 0.0 -0.0 -0.059611812233924866 -8.369253158569336 0.0 1 frame_99.jpg

100 0.0 1.0 0.0 -0.0 -0.06490673124790192 -8.331561088562012 0.0 1 frame_100.jpg

101 0.0 1.0 0.0 -0.0 -0.0643777847290039 -8.293088912963867 0.0 1 frame_101.jpg

102 0.0 1.0 0.0 -0.0 -0.058141790330410004 -8.255086898803711 0.0 1 frame_102.jpg

103 0.0 1.0 0.0 -0.0 -0.04850505664944649 -8.217249870300293 0.0 1 frame_103.jpg

104 0.0 1.0 0.0 -0.0 -0.030995067209005356 -8.182109832763672 0.0 1 frame_104.jpg

105 0.0 1.0 0.0 -0.0 -0.012777996249496937 -8.146941184997559 0.0 1 frame_105.jpg

106 0.0 1.0 0.0 -0.0 0.005887359380722046 -8.111693382263184 0.0 1 frame_106.jpg

107 0.0 1.0 0.0 -0.0 0.024690866470336914 -8.076208114624023 0.0 1 frame_107.jpg

108 0.0 1.0 0.0 -0.0 0.04362274706363678 -8.04047966003418 0.0 1 frame_108.jpg

109 0.0 1.0 0.0 -0.0 0.05855785682797432 -8.002840042114258 0.0 1 frame_109.jpg

110 0.0 1.0 0.0 -0.0 0.07000088691711426 -7.963492393493652 0.0 1 frame_110.jpg

111 0.0 1.0 0.0 -0.0 0.08151888102293015 -7.923888683319092 0.0 1 frame_111.jpg

112 0.0 1.0 0.0 -0.0 0.08733783662319183 -7.883004188537598 0.0 1 frame_112.jpg

113 0.0 1.0 0.0 -0.0 0.09018032252788544 -7.8413238525390625 0.0 1 frame_113.jpg

114 0.0 1.0 0.0 -0.0 0.09217014163732529 -7.799408435821533 0.0 1 frame_114.jpg

115 0.0 1.0 0.0 -0.0 0.08693844079971313 -7.7574334144592285 0.0 1 frame_115.jpg

116 0.0 1.0 0.0 -0.0 0.08167477697134018 -7.715202808380127 0.0 1 frame_116.jpg

117 0.0 1.0 0.0 -0.0 0.0720704197883606 -7.673569679260254 0.0 1 frame_117.jpg

118 0.0 1.0 0.0 -0.0 0.06070706248283386 -7.632025718688965 0.0 1 frame_118.jpg

119 0.0 1.0 0.0 -0.0 0.047919370234012604 -7.590672016143799 0.0 1 frame_119.jpg

120 0.0 1.0 0.0 -0.0 0.03296109288930893 -7.549745559692383 0.0 1 frame_120.jpg

121 0.0 1.0 0.0 -0.0 0.017820335924625397 -7.508622169494629 0.0 1 frame_121.jpg

122 0.0 1.0 0.0 -0.0 0.001767164096236229 -7.4675798416137695 0.0 1 frame_122.jpg

123 0.0 1.0 0.0 -0.0 -0.014374593272805214 -7.426310062408447 0.0 1 frame_123.jpg

124 0.0 1.0 0.0 -0.0 -0.029202699661254883 -7.384294509887695 0.0 1 frame_124.jpg

125 0.0 1.0 0.0 -0.0 -0.04387455806136131 -7.341964244842529 0.0 1 frame_125.jpg

126 0.0 1.0 0.0 -0.0 -0.05567806959152222 -7.298555374145508 0.0 1 frame_126.jpg

127 0.0 1.0 0.0 -0.0 -0.066019706428051 -7.254474639892578 0.0 1 frame_127.jpg

128 0.0 1.0 0.0 -0.0 -0.07256945222616196 -7.209592819213867 0.0 1 frame_128.jpg

129 0.0 1.0 0.0 -0.0 -0.07548508048057556 -7.163939476013184 0.0 1 frame_129.jpg

130 0.0 1.0 0.0 -0.0 -0.07475841045379639 -7.118213653564453 0.0 1 frame_130.jpg

131 0.0 1.0 0.0 -0.0 -0.06778620183467865 -7.07253360748291 0.0 1 frame_131.jpg

132 0.0 1.0 0.0 -0.0 -0.05947211757302284 -7.026985168457031 0.0 1 frame_132.jpg

133 0.0 1.0 0.0 -0.0 -0.04213983193039894 -6.983659744262695 0.0 1 frame_133.jpg

134 0.0 1.0 0.0 -0.0 -0.024724647402763367 -6.940126419067383 0.0 1 frame_134.jpg

135 0.0 1.0 0.0 -0.0 -0.00669566635042429 -6.896605014801025 0.0 1 frame_135.jpg

136 0.0 1.0 0.0 -0.0 0.011738456785678864 -6.853012561798096 0.0 1 frame_136.jpg

137 0.0 1.0 0.0 -0.0 0.030258014798164368 -6.8092169761657715 0.0 1 frame_137.jpg

138 0.0 1.0 0.0 -0.0 0.04703609645366669 -6.764651298522949 0.0 1 frame_138.jpg

139 0.0 1.0 0.0 -0.0 0.05696747079491615 -6.717709541320801 0.0 1 frame_139.jpg

140 0.0 1.0 0.0 -0.0 0.06694256514310837 -6.670561790466309 0.0 1 frame_140.jpg

141 0.0 1.0 0.0 -0.0 0.07419617474079132 -6.622896671295166 0.0 1 frame_141.jpg

142 0.0 1.0 0.0 -0.0 0.07490502297878265 -6.574289321899414 0.0 1 frame_142.jpg

143 0.0 1.0 0.0 -0.0 0.07561688125133514 -6.525474548339844 0.0 1 frame_143.jpg

144 0.0 1.0 0.0 -0.0 0.07066304981708527 -6.476849555969238 0.0 1 frame_144.jpg

145 0.0 1.0 0.0 -0.0 0.06313139945268631 -6.4282002449035645 0.0 1 frame_145.jpg

146 0.0 1.0 0.0 -0.0 0.05411011353135109 -6.379671096801758 0.0 1 frame_146.jpg

147 0.0 1.0 0.0 -0.0 0.04064755141735077 -6.331903457641602 0.0 1 frame_147.jpg

148 0.0 1.0 0.0 -0.0 0.02713143825531006 -6.283946514129639 0.0 1 frame_148.jpg

149 0.0 1.0 0.0 -0.0 0.010817759670317173 -6.23667049407959 0.0 1 frame_149.jpg

150 0.0 1.0 0.0 -0.0 -0.0058650607243180275 -6.189308166503906 0.0 1 frame_150.jpg

151 0.0 1.0 0.0 -0.0 -0.02268582582473755 -6.141790390014648 0.0 1 frame_151.jpg

152 0.0 1.0 0.0 -0.0 -0.039615973830223083 -6.094110488891602 0.0 1 frame_152.jpg

153 0.0 1.0 0.0 -0.0 -0.055374711751937866 -6.045859336853027 0.0 1 frame_153.jpg

154 0.0 1.0 0.0 -0.0 -0.06936454027891159 -5.9968461990356445 0.0 1 frame_154.jpg

155 0.0 1.0 0.0 -0.0 -0.08165498077869415 -5.947281837463379 0.0 1 frame_155.jpg

156 0.0 1.0 0.0 -0.0 -0.08907000720500946 -5.896483421325684 0.0 1 frame_156.jpg

157 0.0 1.0 0.0 -0.0 -0.09477058798074722 -5.845427989959717 0.0 1 frame_157.jpg

158 0.0 1.0 0.0 -0.0 -0.0920184776186943 -5.793806552886963 0.0 1 frame_158.jpg

159 0.0 1.0 0.0 -0.0 -0.08867131918668747 -5.7421112060546875 0.0 1 frame_159.jpg

160 0.0 1.0 0.0 -0.0 -0.07384322583675385 -5.692222595214844 0.0 1 frame_160.jpg

161 0.0 1.0 0.0 -0.0 -0.05896594375371933 -5.642168998718262 0.0 1 frame_161.jpg

162 0.0 1.0 0.0 -0.0 -0.035817526280879974 -5.595457553863525 0.0 1 frame_162.jpg

163 0.0 1.0 0.0 -0.0 -0.009843390434980392 -5.549767017364502 0.0 1 frame_163.jpg

164 0.0 1.0 0.0 -0.0 0.016144167631864548 -5.503894329071045 0.0 1 frame_164.jpg

165 0.0 1.0 0.0 -0.0 0.04140782728791237 -5.457428932189941 0.0 1 frame_165.jpg

166 0.0 1.0 0.0 -0.0 0.06674870103597641 -5.410821437835693 0.0 1 frame_166.jpg

167 0.0 1.0 0.0 -0.0 0.08467581868171692 -5.36128044128418 0.0 1 frame_167.jpg

168 0.0 1.0 0.0 -0.0 0.09608761966228485 -5.30914306640625 0.0 1 frame_168.jpg

169 0.0 1.0 0.0 -0.0 0.10077734291553497 -5.256382942199707 0.0 1 frame_169.jpg

170 0.0 1.0 0.0 -0.0 0.09665566682815552 -5.202857971191406 0.0 1 frame_170.jpg

171 0.0 1.0 0.0 -0.0 0.08622650802135468 -5.1504058837890625 0.0 1 frame_171.jpg

172 0.0 1.0 0.0 -0.0 0.06987636536359787 -5.098952293395996 0.0 1 frame_172.jpg

173 0.0 1.0 0.0 -0.0 0.049208689481019974 -5.04904842376709 0.0 1 frame_173.jpg

174 0.0 1.0 0.0 -0.0 0.025772109627723694 -5.000082969665527 0.0 1 frame_174.jpg

175 0.0 1.0 0.0 -0.0 0.0006568720564246178 -4.951808929443359 0.0 1 frame_175.jpg

176 0.0 1.0 0.0 -0.0 -0.025361917912960052 -4.903835296630859 0.0 1 frame_176.jpg

177 0.0 1.0 0.0 -0.0 -0.05047379434108734 -4.855226993560791 0.0 1 frame_177.jpg

178 0.0 1.0 0.0 -0.0 -0.07516520470380783 -4.806242942810059 0.0 1 frame_178.jpg

179 0.0 1.0 0.0 -0.0 -0.09615009278059006 -4.75548791885376 0.0 1 frame_179.jpg

180 0.0 1.0 0.0 -0.0 -0.11539158225059509 -4.703824520111084 0.0 1 frame_180.jpg

181 0.0 1.0 0.0 -0.0 -0.12745970487594604 -4.650107383728027 0.0 1 frame_181.jpg

182 0.0 1.0 0.0 -0.0 -0.13656467199325562 -4.595463275909424 0.0 1 frame_182.jpg

183 0.0 1.0 0.0 -0.0 -0.13548533618450165 -4.540302276611328 0.0 1 frame_183.jpg

184 0.0 1.0 0.0 -0.0 -0.13053490221500397 -4.484867572784424 0.0 1 frame_184.jpg

185 0.0 1.0 0.0 -0.0 -0.11667072772979736 -4.431319713592529 0.0 1 frame_185.jpg

186 0.0 1.0 0.0 -0.0 -0.09718946367502213 -4.378916263580322 0.0 1 frame_186.jpg

187 0.0 1.0 0.0 -0.0 -0.07567621022462845 -4.327409267425537 0.0 1 frame_187.jpg

188 0.0 1.0 0.0 -0.0 -0.04470605403184891 -4.280571460723877 0.0 1 frame_188.jpg

189 0.0 1.0 0.0 -0.0 -0.013670681044459343 -4.233634948730469 0.0 1 frame_189.jpg

190 0.0 1.0 0.0 -0.0 0.017013022676110268 -4.186339855194092 0.0 1 frame_190.jpg

191 0.0 1.0 0.0 -0.0 0.04569943621754646 -4.137663841247559 0.0 1 frame_191.jpg

192 0.0 1.0 0.0 -0.0 0.07444395869970322 -4.088889122009277 0.0 1 frame_192.jpg

193 0.0 1.0 0.0 -0.0 0.09415493905544281 -4.036492347717285 0.0 1 frame_193.jpg

194 0.0 1.0 0.0 -0.0 0.1058640331029892 -3.9808783531188965 0.0 1 frame_194.jpg

195 0.0 1.0 0.0 -0.0 0.11384633183479309 -3.924931764602661 0.0 1 frame_195.jpg

196 0.0 1.0 0.0 -0.0 0.10885702073574066 -3.868102550506592 0.0 1 frame_196.jpg

197 0.0 1.0 0.0 -0.0 0.10385870188474655 -3.8111705780029297 0.0 1 frame_197.jpg

198 0.0 1.0 0.0 -0.0 0.08810508996248245 -3.7561888694763184 0.0 1 frame_198.jpg

199 0.0 1.0 0.0 -0.0 0.07171927392482758 -3.7012271881103516 0.0 1 frame_199.jpg

200 0.0 1.0 0.0 -0.0 0.05217452347278595 -3.6472902297973633 0.0 1 frame_200.jpg

201 0.0 1.0 0.0 -0.0 0.02993975207209587 -3.594214677810669 0.0 1 frame_201.jpg

202 0.0 1.0 0.0 -0.0 0.00766849797219038 -3.5410516262054443 0.0 1 frame_202.jpg

203 0.0 1.0 0.0 -0.0 -0.01616865023970604 -3.4884705543518066 0.0 1 frame_203.jpg

204 0.0 1.0 0.0 -0.0 -0.040082432329654694 -3.435824394226074 0.0 1 frame_204.jpg

205 0.0 1.0 0.0 -0.0 -0.06350648403167725 -3.3828721046447754 0.0 1 frame_205.jpg

206 0.0 1.0 0.0 -0.0 -0.0856248289346695 -3.329258680343628 0.0 1 frame_206.jpg

207 0.0 1.0 0.0 -0.0 -0.10777517408132553 -3.2755675315856934 0.0 1 frame_207.jpg

208 0.0 1.0 0.0 -0.0 -0.12730450928211212 -3.220851421356201 0.0 1 frame_208.jpg

209 0.0 1.0 0.0 -0.0 -0.14430925250053406 -3.165144920349121 0.0 1 frame_209.jpg

210 0.0 1.0 0.0 -0.0 -0.16133655607700348 -3.1093649864196777 0.0 1 frame_210.jpg

211 0.0 1.0 0.0 -0.0 -0.17239916324615479 -3.0521702766418457 0.0 1 frame_211.jpg

212 0.0 1.0 0.0 -0.0 -0.18079164624214172 -2.9943020343780518 0.0 1 frame_212.jpg

213 0.0 1.0 0.0 -0.0 -0.18919464945793152 -2.936361312866211 0.0 1 frame_213.jpg

214 0.0 1.0 0.0 -0.0 -0.1882065236568451 -2.877934694290161 0.0 1 frame_214.jpg

215 0.0 1.0 0.0 -0.0 -0.18495497107505798 -2.8193376064300537 0.0 1 frame_215.jpg

216 0.0 1.0 0.0 -0.0 -0.18169988691806793 -2.760676622390747 0.0 1 frame_216.jpg

217 0.0 1.0 0.0 -0.0 -0.16861708462238312 -2.7035977840423584 0.0 1 frame_217.jpg

218 0.0 1.0 0.0 -0.0 -0.15249785780906677 -2.6469640731811523 0.0 1 frame_218.jpg

219 0.0 1.0 0.0 -0.0 -0.13636191189289093 -2.5902719497680664 0.0 1 frame_219.jpg

220 0.0 1.0 0.0 -0.0 -0.11564697325229645 -2.5353622436523438 0.0 1 frame_220.jpg

221 0.0 1.0 0.0 -0.0 -0.0878993347287178 -2.483227252960205 0.0 1 frame_221.jpg

222 0.0 1.0 0.0 -0.0 -0.060125719755887985 -2.4310436248779297 0.0 1 frame_222.jpg

223 0.0 1.0 0.0 -0.0 -0.0323261134326458 -2.3788111209869385 0.0 1 frame_223.jpg

224 0.0 1.0 0.0 -0.0 -0.0043678293004632 -2.3266074657440186 0.0 1 frame_224.jpg

225 0.0 1.0 0.0 -0.0 0.023772329092025757 -2.2744405269622803 0.0 1 frame_225.jpg

226 0.0 1.0 0.0 -0.0 0.051934223622083664 -2.222233295440674 0.0 1 frame_226.jpg

227 0.0 1.0 0.0 -0.0 0.08011829853057861 -2.169984817504883 0.0 1 frame_227.jpg

228 0.0 1.0 0.0 -0.0 0.09887771308422089 -2.113868474960327 0.0 1 frame_228.jpg

229 0.0 1.0 0.0 -0.0 0.1150711178779602 -2.0566654205322266 0.0 1 frame_229.jpg

230 0.0 1.0 0.0 -0.0 0.13127543032169342 -1.999423861503601 0.0 1 frame_230.jpg

231 0.0 1.0 0.0 -0.0 0.13454563915729523 -1.9402310848236084 0.0 1 frame_231.jpg

232 0.0 1.0 0.0 -0.0 0.13561248779296875 -1.8806740045547485 0.0 1 frame_232.jpg

233 0.0 1.0 0.0 -0.0 0.1312071681022644 -1.8216650485992432 0.0 1 frame_233.jpg

234 0.0 1.0 0.0 -0.0 0.11762948334217072 -1.7635979652404785 0.0 1 frame_234.jpg

235 0.0 1.0 0.0 -0.0 0.10301568359136581 -1.705843448638916 0.0 1 frame_235.jpg

236 0.0 1.0 0.0 -0.0 0.07898946106433868 -1.6511987447738647 0.0 1 frame_236.jpg

237 0.0 1.0 0.0 -0.0 0.05495326966047287 -1.5965313911437988 0.0 1 frame_237.jpg

238 0.0 1.0 0.0 -0.0 0.026258155703544617 -1.5441608428955078 0.0 1 frame_238.jpg

239 0.0 1.0 0.0 -0.0 -0.0030405623838305473 -1.4920705556869507 0.0 1 frame_239.jpg

240 0.0 1.0 0.0 -0.0 -0.03262382000684738 -1.440114140510559 0.0 1 frame_240.jpg

241 0.0 1.0 0.0 -0.0 -0.06233496963977814 -1.3882083892822266 0.0 1 frame_241.jpg

242 0.0 1.0 0.0 -0.0 -0.08948835730552673 -1.3349637985229492 0.0 1 frame_242.jpg

243 0.0 1.0 0.0 -0.0 -0.11453549563884735 -1.280618667602539 0.0 1 frame_243.jpg

244 0.0 1.0 0.0 -0.0 -0.1346115618944168 -1.224519968032837 0.0 1 frame_244.jpg

245 0.0 1.0 0.0 -0.0 -0.14889994263648987 -1.1663851737976074 0.0 1 frame_245.jpg

246 0.0 1.0 0.0 -0.0 -0.15652266144752502 -1.1075576543807983 0.0 1 frame_246.jpg

247 0.0 1.0 0.0 -0.0 -0.15434172749519348 -1.047714352607727 0.0 1 frame_247.jpg

248 0.0 1.0 0.0 -0.0 -0.14817558228969574 -0.9886112809181213 0.0 1 frame_248.jpg

249 0.0 1.0 0.0 -0.0 -0.12860995531082153 -0.9320054054260254 0.0 1 frame_249.jpg

250 0.0 1.0 0.0 -0.0 -0.10904338955879211 -0.8753969073295593 0.0 1 frame_250.jpg

251 0.0 1.0 0.0 -0.0 -0.08078242838382721 -0.8230381608009338 0.0 1 frame_251.jpg

252 0.0 1.0 0.0 -0.0 -0.04814819619059563 -0.7728207111358643 0.0 1 frame_252.jpg

253 0.0 1.0 0.0 -0.0 -0.015513963997364044 -0.7226033210754395 0.0 1 frame_253.jpg

254 0.0 1.0 0.0 -0.0 0.017613805830478668 -0.672726035118103 0.0 1 frame_254.jpg

255 0.0 1.0 0.0 -0.0 0.05151575431227684 -0.6233739852905273 0.0 1 frame_255.jpg

256 0.0 1.0 0.0 -0.0 0.08541283756494522 -0.5740290284156799 0.0 1 frame_256.jpg

257 0.0 1.0 0.0 -0.0 0.1193029060959816 -0.5246942639350891 0.0 1 frame_257.jpg

258 0.0 1.0 0.0 -0.0 0.14518941938877106 -0.47093042731285095 0.0 1 frame_258.jpg

259 0.0 1.0 0.0 -0.0 0.16916434466838837 -0.41611766815185547 0.0 1 frame_259.jpg

260 0.0 1.0 0.0 -0.0 0.19122178852558136 -0.3607792258262634 0.0 1 frame_260.jpg

261 0.0 1.0 0.0 -0.0 0.1997288465499878 -0.30159991979599 0.0 1 frame_261.jpg

262 0.0 1.0 0.0 -0.0 0.20783647894859314 -0.24244455993175507 0.0 1 frame_262.jpg

263 0.0 1.0 0.0 -0.0 0.19809624552726746 -0.1834990382194519 0.0 1 frame_263.jpg

264 0.0 1.0 0.0 -0.0 0.18585874140262604 -0.1253131628036499 0.0 1 frame_264.jpg

265 0.0 1.0 0.0 -0.0 0.1621769368648529 -0.07051946222782135 0.0 1 frame_265.jpg

266 0.0 1.0 0.0 -0.0 0.13614222407341003 -0.016955219209194183 0.0 1 frame_266.jpg

267 0.0 1.0 0.0 -0.0 0.10588322579860687 0.034432072192430496 0.0 1 frame_267.jpg

268 0.0 1.0 0.0 -0.0 0.07549400627613068 0.08570203185081482 0.0 1 frame_268.jpg

269 0.0 1.0 0.0 -0.0 0.044943422079086304 0.13683722913265228 0.0 1 frame_269.jpg

270 0.0 1.0 0.0 -0.0 0.016576990485191345 0.18909722566604614 0.0 1 frame_270.jpg

271 0.0 1.0 0.0 -0.0 -0.00899911392480135 0.24281296133995056 0.0 1 frame_271.jpg

272 0.0 1.0 0.0 -0.0 -0.03172149136662483 0.2975482642650604 0.0 1 frame_272.jpg

273 0.0 1.0 0.0 -0.0 -0.04767943546175957 0.35477516055107117 0.0 1 frame_273.jpg

274 0.0 1.0 0.0 -0.0 -0.06362534314393997 0.41195887327194214 0.0 1 frame_274.jpg

275 0.0 1.0 0.0 -0.0 -0.06768498569726944 0.4710754156112671 0.0 1 frame_275.jpg

276 0.0 1.0 0.0 -0.0 -0.07114109396934509 0.530246376991272 0.0 1 frame_276.jpg

277 0.0 1.0 0.0 -0.0 -0.0715460255742073 0.589225709438324 0.0 1 frame_277.jpg

278 0.0 1.0 0.0 -0.0 -0.06265445798635483 0.6477235555648804 0.0 1 frame_278.jpg

279 0.0 1.0 0.0 -0.0 -0.05377120524644852 0.7061666250228882 0.0 1 frame_279.jpg

280 0.0 1.0 0.0 -0.0 -0.044896114617586136 0.7645559310913086 0.0 1 frame_280.jpg

281 0.0 1.0 0.0 -0.0 -0.026568828150629997 0.8205897808074951 0.0 1 frame_281.jpg

282 0.0 1.0 0.0 -0.0 -0.007706703618168831 0.8764331340789795 0.0 1 frame_282.jpg

283 0.0 1.0 0.0 -0.0 0.011135894805192947 0.9322185516357422 0.0 1 frame_283.jpg

284 0.0 1.0 0.0 -0.0 0.02995835244655609 0.9879444241523743 0.0 1 frame_284.jpg

285 0.0 1.0 0.0 -0.0 0.04687710478901863 1.0441986322402954 0.0 1 frame_285.jpg

286 0.0 1.0 0.0 -0.0 0.06321866065263748 1.1005640029907227 0.0 1 frame_286.jpg

287 0.0 1.0 0.0 -0.0 0.07374977320432663 1.1579113006591797 0.0 1 frame_287.jpg

288 0.0 1.0 0.0 -0.0 0.07818786799907684 1.216288685798645 0.0 1 frame_288.jpg

289 0.0 1.0 0.0 -0.0 0.08066605776548386 1.2745879888534546 0.0 1 frame_289.jpg

290 0.0 1.0 0.0 -0.0 0.07588885724544525 1.3327935934066772 0.0 1 frame_290.jpg

291 0.0 1.0 0.0 -0.0 0.07111819833517075 1.3909193277359009 0.0 1 frame_291.jpg

292 0.0 1.0 0.0 -0.0 0.0609302744269371 1.4482272863388062 0.0 1 frame_292.jpg

293 0.0 1.0 0.0 -0.0 0.049988750368356705 1.5053515434265137 0.0 1 frame_293.jpg

294 0.0 1.0 0.0 -0.0 0.03743748366832733 1.5620323419570923 0.0 1 frame_294.jpg

295 0.0 1.0 0.0 -0.0 0.02300671488046646 1.6182031631469727 0.0 1 frame_295.jpg

296 0.0 1.0 0.0 -0.0 0.00859682448208332 1.6742925643920898 0.0 1 frame_296.jpg

297 0.0 1.0 0.0 -0.0 -0.007006002590060234 1.7299678325653076 0.0 1 frame_297.jpg

298 0.0 1.0 0.0 -0.0 -0.022604957222938538 1.7855541706085205 0.0 1 frame_298.jpg

299 0.0 1.0 0.0 -0.0 -0.03774634376168251 1.8411672115325928 0.0 1 frame_299.jpg

300 0.0 1.0 0.0 -0.0 -0.05239804461598396 1.8968164920806885 0.0 1 frame_300.jpg

301 0.0 1.0 0.0 -0.0 -0.06702570617198944 1.9523745775222778 0.0 1 frame_301.jpg

302 0.0 1.0 0.0 -0.0 -0.078486368060112 2.008568286895752 0.0 1 frame_302.jpg

303 0.0 1.0 0.0 -0.0 -0.08991389721632004 2.064668893814087 0.0 1 frame_303.jpg

304 0.0 1.0 0.0 -0.0 -0.09804312884807587 2.121163845062256 0.0 1 frame_304.jpg

305 0.0 1.0 0.0 -0.0 -0.10364745557308197 2.177933692932129 0.0 1 frame_305.jpg

306 0.0 1.0 0.0 -0.0 -0.107346311211586 2.23464035987854 0.0 1 frame_306.jpg

307 0.0 1.0 0.0 -0.0 -0.10410595685243607 2.2913832664489746 0.0 1 frame_307.jpg

308 0.0 1.0 0.0 -0.0 -0.10087185353040695 2.3480165004730225 0.0 1 frame_308.jpg

309 0.0 1.0 0.0 -0.0 -0.08682657778263092 2.4027764797210693 0.0 1 frame_309.jpg

310 0.0 1.0 0.0 -0.0 -0.07198277115821838 2.45729398727417 0.0 1 frame_310.jpg

311 0.0 1.0 0.0 -0.0 -0.04899408295750618 2.5083580017089844 0.0 1 frame_311.jpg

312 0.0 1.0 0.0 -0.0 -0.021518759429454803 2.557462453842163 0.0 1 frame_312.jpg

313 0.0 1.0 0.0 -0.0 0.00555273424834013 2.60664963722229 0.00013767977361567318 1 frame_313.jpg

314 0.0 1.0 0.0 -0.0 0.03136264160275459 2.6563782691955566 0.0007540860679000616 1 frame_314.jpg

315 0.0 1.0 0.0 -0.0 0.05711499974131584 2.70599627494812 0.0013691178755834699 1 frame_315.jpg

316 0.0 1.0 0.0 -0.0 0.0753437876701355 2.7581493854522705 0.002402103040367365 1 frame_316.jpg

317 0.0 1.0 0.0 -0.0 0.08660776913166046 2.812635660171509 0.003821521531790495 1 frame_317.jpg

318 0.0 1.0 0.0 -0.0 0.09784570336341858 2.8669958114624023 0.005237656645476818 1 frame_318.jpg

319 0.0 1.0 0.0 -0.0 0.10078226029872894 2.922081470489502 0.006756266579031944 1 frame_319.jpg

320 0.0 1.0 0.0 -0.0 0.10092410445213318 2.9773240089416504 0.008306923322379589 1 frame_320.jpg

321 0.0 1.0 0.0 -0.0 0.10106559097766876 3.0324339866638184 0.00985386036336422 1 frame_321.jpg

322 0.0 1.0 0.0 -0.0 0.09554310142993927 3.0870535373687744 0.011094072833657265 1 frame_322.jpg

323 0.0 1.0 0.0 -0.0 0.08844923973083496 3.1414380073547363 0.012246420606970787 1 frame_323.jpg

324 0.0 1.0 0.0 -0.0 0.08137374371290207 3.195681571960449 0.013395783491432667 1 frame_324.jpg

325 0.0 1.0 0.0 -0.0 0.07179970294237137 3.249366283416748 0.014063629321753979 1 frame_325.jpg

326 0.0 1.0 0.0 -0.0 0.06053894758224487 3.3026175498962402 0.014403902925550938 1 frame_326.jpg

327 0.0 1.0 0.0 -0.0 0.049308180809020996 3.355726718902588 0.014743269421160221 1 frame_327.jpg

328 0.0 1.0 0.0 -0.0 0.03766178339719772 3.408590316772461 0.014805974438786507 1 frame_328.jpg

329 0.0 1.0 0.0 -0.0 0.024555040523409843 3.4609556198120117 0.013944512233138084 1 frame_329.jpg

330 0.0 1.0 0.0 -0.0 0.011484881862998009 3.513174533843994 0.013085456565022469 1 frame_330.jpg

331 0.0 1.0 0.0 -0.0 -0.001548695843666792 3.565247058868408 0.012228802777826786 1 frame_331.jpg

332 0.0 1.0 0.0 -0.0 -0.01455177552998066 3.617119789123535 0.010113601572811604 1 frame_332.jpg

333 0.0 1.0 0.0 -0.0 -0.027521483600139618 3.668834686279297 0.007609987631440163 1 frame_333.jpg

334 0.0 1.0 0.0 -0.0 -0.04045133292675018 3.720390796661377 0.005114068277180195 1 frame_334.jpg

335 0.0 1.0 0.0 -0.0 -0.05279865488409996 3.7718729972839355 0.0019917148165404797 1 frame_335.jpg

336 0.0 1.0 0.0 -0.0 -0.06372608989477158 3.823404550552368 -0.0027329931035637856 1 frame_336.jpg

337 0.0 1.0 0.0 -0.0 -0.07461963593959808 3.8747763633728027 -0.007443047594279051 1 frame_337.jpg

338 0.0 1.0 0.0 -0.0 -0.08547890186309814 3.9259865283966064 -0.012138279154896736 1 frame_338.jpg

339 0.0 1.0 0.0 -0.0 -0.09255674481391907 3.97733998298645 -0.01949639618396759 1 frame_339.jpg

340 0.0 1.0 0.0 -0.0 -0.09911499917507172 4.028570175170898 -0.027186263352632523 1 frame_340.jpg

341 0.0 1.0 0.0 -0.0 -0.10565145313739777 4.079630374908447 -0.03485057130455971 1 frame_341.jpg

342 0.0 1.0 0.0 -0.0 -0.10753200948238373 4.1303019523620605 -0.04504295811057091 1 frame_342.jpg

343 0.0 1.0 0.0 -0.0 -0.10678645968437195 4.180673122406006 -0.05664318799972534 1 frame_343.jpg

344 0.0 1.0 0.0 -0.0 -0.10604351758956909 4.230867862701416 -0.06820276379585266 1 frame_344.jpg

345 0.0 1.0 0.0 -0.0 -0.09907301515340805 4.2793169021606445 -0.08248268067836761 1 frame_345.jpg

346 0.0 1.0 0.0 -0.0 -0.08761362731456757 4.326454162597656 -0.09871140122413635 1 frame_346.jpg

347 0.0 1.0 0.0 -0.0 -0.07619483768939972 4.373425006866455 -0.11488264054059982 1 frame_347.jpg

348 0.0 1.0 0.0 -0.0 -0.05650798976421356 4.4156084060668945 -0.13379690051078796 1 frame_348.jpg

349 0.0 1.0 0.0 -0.0 -0.03234067186713219 4.455116271972656 -0.15417878329753876 1 frame_349.jpg

350 0.0 1.0 0.0 -0.0 -0.008267184719443321 4.494471073150635 -0.17448154091835022 1 frame_350.jpg

351 0.0 1.0 0.0 -0.0 0.015955278649926186 4.533321380615234 -0.19510775804519653 1 frame_351.jpg

352 0.0 1.0 0.0 -0.0 0.0402187742292881 4.571815490722656 -0.21588054299354553 1 frame_352.jpg

353 0.0 1.0 0.0 -0.0 0.06438697129487991 4.610158443450928 -0.23657171428203583 1 frame_353.jpg

354 0.0 1.0 0.0 -0.0 0.07970334589481354 4.653033256530762 -0.25532421469688416 1 frame_354.jpg

355 0.0 1.0 0.0 -0.0 0.09162574261426926 4.697508811950684 -0.2732918858528137 1 frame_355.jpg

356 0.0 1.0 0.0 -0.0 0.10350029170513153 4.741805553436279 -0.29118746519088745 1 frame_356.jpg

357 0.0 1.0 0.0 -0.0 0.10622292011976242 4.788117408752441 -0.30662646889686584 1 frame_357.jpg

358 0.0 1.0 0.0 -0.0 0.10770612955093384 4.834537506103516 -0.32168102264404297 1 frame_358.jpg

359 0.0 1.0 0.0 -0.0 0.10918290913105011 4.88075590133667 -0.33667027950286865 1 frame_359.jpg

360 0.0 1.0 0.0 -0.0 0.10433695465326309 4.926995277404785 -0.3499543070793152 1 frame_360.jpg

361 0.0 1.0 0.0 -0.0 0.09880219399929047 4.973060607910156 -0.36299681663513184 1 frame_361.jpg

362 0.0 1.0 0.0 -0.0 0.09329240024089813 5.018918037414551 -0.37598055601119995 1 frame_362.jpg

363 0.0 1.0 0.0 -0.0 0.08504575490951538 5.064246654510498 -0.3884521424770355 1 frame_363.jpg

364 0.0 1.0 0.0 -0.0 0.07556438446044922 5.109210014343262 -0.400654673576355 1 frame_364.jpg

365 0.0 1.0 0.0 -0.0 0.06612560898065567 5.153970718383789 -0.41280239820480347 1 frame_365.jpg

366 0.0 1.0 0.0 -0.0 0.05634450167417526 5.1984052658081055 -0.4249916672706604 1 frame_366.jpg

367 0.0 1.0 0.0 -0.0 0.04527658969163895 5.24222469329834 -0.4374619722366333 1 frame_367.jpg

368 0.0 1.0 0.0 -0.0 0.03426046296954155 5.285840034484863 -0.44987401366233826 1 frame_368.jpg

369 0.0 1.0 0.0 -0.0 0.02329791523516178 5.32924222946167 -0.46222564578056335 1 frame_369.jpg

370 0.0 1.0 0.0 -0.0 0.012471335008740425 5.372209548950195 -0.4753168523311615 1 frame_370.jpg

371 0.0 1.0 0.0 -0.0 0.0017646970227360725 5.414783477783203 -0.48898619413375854 1 frame_371.jpg

372 0.0 1.0 0.0 -0.0 -0.00888864230364561 5.4571452140808105 -0.5025874376296997 1 frame_372.jpg

373 0.0 1.0 0.0 -0.0 -0.01948646456003189 5.499286651611328 -0.5161178708076477 1 frame_373.jpg

374 0.0 1.0 0.0 -0.0 -0.02869749441742897 5.540918827056885 -0.5312920212745667 1 frame_374.jpg

375 0.0 1.0 0.0 -0.0 -0.0373479500412941 5.582218170166016 -0.5470443964004517 1 frame_375.jpg

376 0.0 1.0 0.0 -0.0 -0.045951880514621735 5.623295783996582 -0.5627121925354004 1 frame_376.jpg

377 0.0 1.0 0.0 -0.0 -0.054510388523340225 5.664156436920166 -0.5782971978187561 1 frame_377.jpg

378 0.0 1.0 0.0 -0.0 -0.06028997153043747 5.7042083740234375 -0.5962473750114441 1 frame_378.jpg

379 0.0 1.0 0.0 -0.0 -0.06523329019546509 5.743866443634033 -0.6148195266723633 1 frame_379.jpg

380 0.0 1.0 0.0 -0.0 -0.07014921307563782 5.783304691314697 -0.6332887411117554 1 frame_380.jpg

381 0.0 1.0 0.0 -0.0 -0.07503668963909149 5.822514533996582 -0.65165114402771 1 frame_381.jpg

382 0.0 1.0 0.0 -0.0 -0.07617779076099396 5.860334873199463 -0.6725398302078247 1 frame_382.jpg

383 0.0 1.0 0.0 -0.0 -0.0758511871099472 5.897480010986328 -0.6943421363830566 1 frame_383.jpg

384 0.0 1.0 0.0 -0.0 -0.07552652060985565 5.934402942657471 -0.7160141468048096 1 frame_384.jpg

385 0.0 1.0 0.0 -0.0 -0.0752037987112999 5.971105575561523 -0.7375568151473999 1 frame_385.jpg

386 0.0 1.0 0.0 -0.0 -0.07159163802862167 6.006045818328857 -0.7607885003089905 1 frame_386.jpg

387 0.0 1.0 0.0 -0.0 -0.06487388908863068 6.039304256439209 -0.7856038808822632 1 frame_387.jpg

388 0.0 1.0 0.0 -0.0 -0.05819758027791977 6.072357177734375 -0.8102660179138184 1 frame_388.jpg

389 0.0 1.0 0.0 -0.0 -0.051563650369644165 6.105199813842773 -0.8347717523574829 1 frame_389.jpg

390 0.0 1.0 0.0 -0.0 -0.044839635491371155 6.1377434730529785 -0.8591725826263428 1 frame_390.jpg

391 0.0 1.0 0.0 -0.0 -0.03157956898212433 6.16571044921875 -0.8860305547714233 1 frame_391.jpg

392 0.0 1.0 0.0 -0.0 -0.018407754600048065 6.193490982055664 -0.9127097725868225 1 frame_392.jpg

393 0.0 1.0 0.0 -0.0 -0.005324198864400387 6.221085548400879 -0.9392102360725403 1 frame_393.jpg

394 0.0 1.0 0.0 -0.0 0.00767110101878643 6.248493671417236 -0.9655319452285767 1 frame_394.jpg

395 0.0 1.0 0.0 -0.0 0.02057691104710102 6.275712966918945 -0.9916723966598511 1 frame_395.jpg

396 0.0 1.0 0.0 -0.0 0.03246687352657318 6.301825523376465 -1.018974781036377 1 frame_396.jpg

397 0.0 1.0 0.0 -0.0 0.04426494985818863 6.3277435302734375 -1.0460929870605469 1 frame_397.jpg

398 0.0 1.0 0.0 -0.0 0.05597890913486481 6.353477954864502 -1.0730177164077759 1 frame_398.jpg

399 0.0 1.0 0.0 -0.0 0.06760817021131516 6.379025936126709 -1.099747896194458 1 frame_399.jpg

400 0.0 1.0 0.0 -0.0 0.07278718799352646 6.40629768371582 -1.1262612342834473 1 frame_400.jpg

401 0.0 1.0 0.0 -0.0 0.07691368460655212 6.4336652755737305 -1.1525685787200928 1 frame_401.jpg

402 0.0 1.0 0.0 -0.0 0.08100926131010056 6.460827827453613 -1.1786787509918213 1 frame_402.jpg

403 0.0 1.0 0.0 -0.0 0.08507370948791504 6.487784385681152 -1.2045906782150269 1 frame_403.jpg

404 0.0 1.0 0.0 -0.0 0.08502116054296494 6.515346050262451 -1.2295844554901123 1 frame_404.jpg

405 0.0 1.0 0.0 -0.0 0.08323175460100174 6.5430450439453125 -1.2540831565856934 1 frame_405.jpg

406 0.0 1.0 0.0 -0.0 0.08145692199468613 6.570518493652344 -1.278382420539856 1 frame_406.jpg

407 0.0 1.0 0.0 -0.0 0.07969637215137482 6.5977702140808105 -1.3024861812591553 1 frame_407.jpg

408 0.0 1.0 0.0 -0.0 0.07638993859291077 6.625044822692871 -1.3258411884307861 1 frame_408.jpg

409 0.0 1.0 0.0 -0.0 0.07063625007867813 6.652486324310303 -1.3481323719024658 1 frame_409.jpg

410 0.0 1.0 0.0 -0.0 0.06493188440799713 6.679693698883057 -1.3702325820922852 1 frame_410.jpg

411 0.0 1.0 0.0 -0.0 0.05927653610706329 6.706666946411133 -1.3921427726745605 1 frame_411.jpg

412 0.0 1.0 0.0 -0.0 0.05367051810026169 6.733404159545898 -1.413861870765686 1 frame_412.jpg

413 0.0 1.0 0.0 -0.0 0.04600301384925842 6.760358810424805 -1.4341106414794922 1 frame_413.jpg

414 0.0 1.0 0.0 -0.0 0.03808106854557991 6.7871413230896 -1.4539822340011597 1 frame_414.jpg

415 0.0 1.0 0.0 -0.0 0.03023185208439827 6.813676834106445 -1.4736711978912354 1 frame_415.jpg

416 0.0 1.0 0.0 -0.0 0.022455813363194466 6.8399658203125 -1.4931766986846924 1 frame_416.jpg

417 0.0 1.0 0.0 -0.0 0.014590446837246418 6.866103172302246 -1.5122872591018677 1 frame_417.jpg

418 0.0 1.0 0.0 -0.0 0.0058825365267694 6.892539024353027 -1.5300287008285522 1 frame_418.jpg

419 0.0 1.0 0.0 -0.0 -0.00274033285677433 6.9187164306640625 -1.5475966930389404 1 frame_419.jpg

420 0.0 1.0 0.0 -0.0 -0.01127815991640091 6.944636344909668 -1.5649915933609009 1 frame_420.jpg

421 0.0 1.0 0.0 -0.0 -0.019729940220713615 6.97029447555542 -1.5822112560272217 1 frame_421.jpg

422 0.0 1.0 0.0 -0.0 -0.028057333081960678 6.995941638946533 -1.598877191543579 1 frame_422.jpg

423 0.0 1.0 0.0 -0.0 -0.036203667521476746 7.0219573974609375 -1.6144208908081055 1 frame_423.jpg

424 0.0 1.0 0.0 -0.0 -0.044262856245040894 7.047696113586426 -1.629798173904419 1 frame_424.jpg

425 0.0 1.0 0.0 -0.0 -0.05223589017987251 7.0731587409973145 -1.645011067390442 1 frame_425.jpg

426 0.0 1.0 0.0 -0.0 -0.060121290385723114 7.09834098815918 -1.6600568294525146 1 frame_426.jpg

427 0.0 1.0 0.0 -0.0 -0.06745348125696182 7.123629570007324 -1.6744734048843384 1 frame_427.jpg

428 0.0 1.0 0.0 -0.0 -0.07379887253046036 7.149389266967773 -1.6878327131271362 1 frame_428.jpg

429 0.0 1.0 0.0 -0.0 -0.08007172495126724 7.174854278564453 -1.7010390758514404 1 frame_429.jpg

430 0.0 1.0 0.0 -0.0 -0.08627042174339294 7.200018405914307 -1.7140893936157227 1 frame_430.jpg

431 0.0 1.0 0.0 -0.0 -0.09239538013935089 7.22488260269165 -1.7269845008850098 1 frame_431.jpg

432 0.0 1.0 0.0 -0.0 -0.09732990711927414 7.2499494552612305 -1.7390966415405273 1 frame_432.jpg

433 0.0 1.0 0.0 -0.0 -0.10051979869604111 7.275467872619629 -1.750114917755127 1 frame_433.jpg

434 0.0 1.0 0.0 -0.0 -0.10366924107074738 7.30066442489624 -1.7609937191009521 1 frame_434.jpg

435 0.0 1.0 0.0 -0.0 -0.10677868127822876 7.325539588928223 -1.7717339992523193 1 frame_435.jpg

436 0.0 1.0 0.0 -0.0 -0.10984788089990616 7.350093841552734 -1.7823355197906494 1 frame_436.jpg

437 0.0 1.0 0.0 -0.0 -0.110545314848423 7.374800682067871 -1.7917242050170898 1 frame_437.jpg

438 0.0 1.0 0.0 -0.0 -0.10908270627260208 7.399618148803711 -1.7999975681304932 1 frame_438.jpg

439 0.0 1.0 0.0 -0.0 -0.10764001309871674 7.424098014831543 -1.808158278465271 1 frame_439.jpg

440 0.0 1.0 0.0 -0.0 -0.10621754825115204 7.448234558105469 -1.8162046670913696 1 frame_440.jpg

441 0.0 1.0 0.0 -0.0 -0.1048155277967453 7.472024440765381 -1.824135422706604 1 frame_441.jpg

442 0.0 1.0 0.0 -0.0 -0.0994139313697815 7.495229244232178 -1.8300907611846924 1 frame_442.jpg

443 0.0 1.0 0.0 -0.0 -0.09215932339429855 7.51796817779541 -1.835060954093933 1 frame_443.jpg

444 0.0 1.0 0.0 -0.0 -0.08501426130533218 7.54036283493042 -1.8399560451507568 1 frame_444.jpg

445 0.0 1.0 0.0 -0.0 -0.07797929644584656 7.562412738800049 -1.8447755575180054 1 frame_445.jpg

446 0.0 1.0 0.0 -0.0 -0.0710555836558342 7.584114074707031 -1.8495190143585205 1 frame_446.jpg

447 0.0 1.0 0.0 -0.0 -0.06049828231334686 7.603943347930908 -1.8522216081619263 1 frame_447.jpg

448 0.0 1.0 0.0 -0.0 -0.047902029007673264 7.622542381286621 -1.85371732711792 1 frame_448.jpg

449 0.0 1.0 0.0 -0.0 -0.03551708906888962 7.640829086303711 -1.8551881313323975 1 frame_449.jpg

450 0.0 1.0 0.0 -0.0 -0.0233455877751112 7.65880012512207 -1.8566334247589111 1 frame_450.jpg

451 0.0 1.0 0.0 -0.0 -0.01138859149068594 7.676454544067383 -1.858053207397461 1 frame_451.jpg

452 0.0 1.0 0.0 -0.0 0.0003517568111419678 7.693789482116699 -1.8594473600387573 1 frame_452.jpg

453 0.0 1.0 0.0 -0.0 0.01187653187662363 7.710805892944336 -1.8608158826828003 1 frame_453.jpg

454 0.0 1.0 0.0 -0.0 0.023184658959507942 7.727502346038818 -1.8621585369110107 1 frame_454.jpg

455 0.0 1.0 0.0 -0.0 0.03427401930093765 7.7438764572143555 -1.8634755611419678 1 frame_455.jpg

456 0.0 1.0 0.0 -0.0 0.045142460614442825 7.759923458099365 -1.8647661209106445 1 frame_456.jpg

457 0.0 1.0 0.0 -0.0 0.05578892305493355 7.7756428718566895 -1.866030216217041 1 frame_457.jpg

458 0.0 1.0 0.0 -0.0 0.06621447205543518 7.791036128997803 -1.8672682046890259 1 frame_458.jpg

459 0.0 1.0 0.0 -0.0 0.07641804218292236 7.8061017990112305 -1.8684799671173096 1 frame_459.jpg

460 0.0 1.0 0.0 -0.0 0.08639536798000336 7.820832252502441 -1.8696649074554443 1 frame_460.jpg

461 0.0 1.0 0.0 -0.0 0.09614751487970352 7.835231781005859 -1.8708226680755615 1 frame_461.jpg

462 0.0 1.0 0.0 -0.0 0.10567553341388702 7.849300384521484 -1.8719539642333984 1 frame_462.jpg

463 0.0 1.0 0.0 -0.0 0.11497517675161362 7.863032341003418 -1.873058557510376 1 frame_463.jpg

464 0.0 1.0 0.0 -0.0 0.12404751032590866 7.87642765045166 -1.8741357326507568 1 frame_464.jpg

465 0.0 1.0 0.0 -0.0 0.13288827240467072 7.889481544494629 -1.8751857280731201 1 frame_465.jpg

466 0.0 1.0 0.0 -0.0 0.14149850606918335 7.902194976806641 -1.8762078285217285 1 frame_466.jpg

467 0.0 1.0 0.0 -0.0 0.14987926185131073 7.914567947387695 -1.8772029876708984 1 frame_467.jpg

468 0.0 1.0 0.0 -0.0 0.15802419185638428 7.926595687866211 -1.8781704902648926 1 frame_468.jpg

469 0.0 1.0 0.0 -0.0 0.1659386157989502 7.93828010559082 -1.879110336303711 1 frame_469.jpg

470 0.0 1.0 0.0 -0.0 0.17361609637737274 7.949615478515625 -1.8800220489501953 1 frame_470.jpg

471 0.0 1.0 0.0 -0.0 0.18105773627758026 7.960603713989258 -1.8809051513671875 1 frame_471.jpg

472 0.0 1.0 0.0 -0.0 0.18826457858085632 7.971244812011719 -1.881761074066162 1 frame_472.jpg

473 0.0 1.0 0.0 -0.0 0.19523131847381592 7.981531143188477 -1.8825883865356445 1 frame_473.jpg

474 0.0 1.0 0.0 -0.0 0.2019568681716919 7.991460800170898 -1.8833870887756348 1 frame_474.jpg

475 0.0 1.0 0.0 -0.0 0.20844760537147522 8.001043319702148 -1.884157657623291 1 frame_475.jpg

476 0.0 1.0 0.0 -0.0 0.21469184756278992 8.010265350341797 -1.8848991394042969 1 frame_476.jpg

477 0.0 1.0 0.0 -0.0 0.22069703042507172 8.019132614135742 -1.8856124877929688 1 frame_477.jpg

478 0.0 1.0 0.0 -0.0 0.22645993530750275 8.027639389038086 -1.8862967491149902 1 frame_478.jpg

479 0.0 1.0 0.0 -0.0 0.23197636008262634 8.035785675048828 -1.8869519233703613 1 frame_479.jpg

480 0.0 1.0 0.0 -0.0 0.23724408447742462 8.043561935424805 -1.8875775337219238 1 frame_480.jpg

481 0.0 1.0 0.0 -0.0 0.24227061867713928 8.050985336303711 -1.8881745338439941 1 frame_481.jpg

482 0.0 1.0 0.0 -0.0 0.24704530835151672 8.058034896850586 -1.8887410163879395 1 frame_482.jpg

483 0.0 1.0 0.0 -0.0 0.2515724301338196 8.064718246459961 -1.8892788887023926 1 frame_483.jpg

484 0.0 1.0 0.0 -0.0 0.2558508515357971 8.071035385131836 -1.889786720275879 1 frame_484.jpg

485 0.0 1.0 0.0 -0.0 0.2598763406276703 8.076980590820312 -1.8902654647827148 1 frame_485.jpg

486 0.0 1.0 0.0 -0.0 0.2636510729789734 8.08255386352539 -1.8907132148742676 1 frame_486.jpg

487 0.0 1.0 0.0 -0.0 0.2671717703342438 8.087751388549805 -1.8911314010620117 1 frame_487.jpg

488 0.0 1.0 0.0 -0.0 0.2704417109489441 8.092578887939453 -1.8915200233459473 1 frame_488.jpg

489 0.0 1.0 0.0 -0.0 0.2734522819519043 8.097026824951172 -1.8918771743774414 1 frame_489.jpg

490 0.0 1.0 0.0 -0.0 0.27620673179626465 8.101091384887695 -1.8922042846679688 1 frame_490.jpg

491 0.0 1.0 0.0 -0.0 0.2787061631679535 8.104780197143555 -1.892500400543213 1 frame_491.jpg

492 0.0 1.0 0.0 -0.0 0.2809462249279022 8.108089447021484 -1.8927669525146484 1 frame_492.jpg

493 0.0 1.0 0.0 -0.0 0.2829269766807556 8.111013412475586 -1.8930020332336426 1 frame_493.jpg

494 0.0 1.0 0.0 -0.0 0.2846473157405853 8.113554000854492 -1.8932056427001953 1 frame_494.jpg

495 0.0 1.0 0.0 -0.0 0.2861040532588959 8.115705490112305 -1.8933792114257812 1 frame_495.jpg

496 0.0 1.0 0.0 -0.0 0.28729933500289917 8.117469787597656 -1.8935208320617676 1 frame_496.jpg

497 0.0 1.0 0.0 -0.0 0.2882341742515564 8.118850708007812 -1.893631935119629 1 frame_497.jpg

498 0.0 1.0 0.0 -0.0 0.28890013694763184 8.119834899902344 -1.8937110900878906 1 frame_498.jpg

499 0.0 1.0 0.0 -0.0 0.2893003225326538 8.120424270629883 -1.893758773803711 1 frame_499.jpg

500 0.0 1.0 0.0 -0.0 0.28943371772766113 8.120620727539062 -1.8937749862670898 1 frame_500.jpg

