# Image list generated by blender-exporter-colmap
1 7.91066412375585e-08 0.9999999403953552 5.962649396451525e-08 0.00036872091004624963 -0.0 -0.0 -0.0 1 frame_1.jpg

2 5.803551061944745e-08 0.9999999403953552 2.98255180553042e-08 0.00039027893217280507 -0.0 -0.0 -0.0 1 frame_2.jpg

3 3.6964380001336394e-08 0.9999998807907104 8.94321772193507e-08 0.0004262090369593352 -0.0 -0.0 -0.0 1 frame_3.jpg

4 5.8035499961306414e-08 0.9999998807907104 8.943515439341354e-08 0.00047638468095101416 -0.0 -0.0 -0.0 1 frame_4.jpg

5 1.2124885984121647e-07 0.9999998807907104 5.963673288533755e-08 0.0005407637800090015 -0.0 -0.0 -0.0 1 frame_5.jpg

6 3.6964376448622716e-08 0.9999998211860657 2.9839164028544474e-08 0.000619283237028867 -0.0 -0.0 -0.0 1 frame_6.jpg

7 5.803548930316538e-08 0.9999997615814209 4.243258175384845e-11 0.0007119005895219743 -0.0 -0.0 -0.0 1 frame_7.jpg

8 7.910660571042172e-08 0.9999996423721313 5.96532814256534e-08 0.0008185949991457164 -0.0 -0.0 -0.0 1 frame_8.jpg

9 5.80354857504517e-08 0.9999995231628418 5.966047922356665e-08 0.0009392400388605893 -0.0 -0.0 -0.0 1 frame_9.jpg

10 1.58932476068685e-08 0.9999994039535522 2.986623925949061e-08 0.0010737722041085362 -0.0 -0.0 -0.0 1 frame_10.jpg

11 1.212488029977976e-07 0.9999992847442627 5.967731908640417e-08 0.0012221918441355228 -0.0 -0.0 -0.0 1 frame_11.jpg

12 5.8035467986883305e-08 0.9999990463256836 2.988475245047084e-08 0.0013843935448676348 -0.0 -0.0 -0.0 1 frame_12.jpg

13 5.8093664989655736e-08 0.9999988079071045 2.989524716667802e-08 0.0015603983774781227 -0.0 -0.0 -0.0 1 frame_13.jpg

14 5.809367209508309e-08 0.9999984502792358 5.970878902417098e-08 0.00175005872733891 -0.0 -0.0 -0.0 1 frame_14.jpg

15 3.6964344474199606e-08 0.9999980926513672 2.991866665524867e-08 0.0019533114973455667 -0.0 -0.0 -0.0 1 frame_15.jpg

16 1.0029411612322292e-07 0.999997615814209 5.973384986646124e-08 0.0021701776422560215 -0.0 -0.0 -0.0 1 frame_16.jpg

17 1.2124883141950704e-07 0.9999971389770508 2.994533332412175e-08 0.0024005312006920576 -0.0 -0.0 -0.0 1 frame_17.jpg

18 7.910658439413965e-08 0.9999964833259583 8.956439501162095e-08 0.002644393127411604 -0.0 -0.0 -0.0 1 frame_18.jpg

19 5.803546088145595e-08 0.999995768070221 2.997521875158782e-08 0.0029015943873673677 -0.0 -0.0 -0.0 1 frame_19.jpg

20 5.803546088145595e-08 0.9999949932098389 2.999135517711693e-08 0.0031721778213977814 -0.0 -0.0 -0.0 1 frame_20.jpg

21 3.6964316052490176e-08 0.9999940395355225 3.000829451593745e-08 0.0034560172352939844 -0.0 -0.0 -0.0 1 frame_21.jpg

22 5.803548219773802e-08 0.9999929666519165 3.002601545176731e-08 0.003753091674298048 -0.0 -0.0 -0.0 1 frame_22.jpg

23 5.803532587833615e-08 0.9999904632568359 3.006255511195377e-08 0.00436745397746563 -0.0 -0.0 -0.0 1 frame_23.jpg

24 1.589304154947513e-08 0.9999866485595703 8.97146748002342e-08 0.005173277109861374 -0.0 -0.0 -0.0 1 frame_24.jpg

25 3.7080329917671406e-08 0.9999819397926331 3.0160315134253324e-08 0.0060115717351436615 -0.0 -0.0 -0.0 1 frame_25.jpg

26 1.2136369775817002e-07 0.9999763369560242 8.981592714008002e-08 0.006882251240313053 -0.0 -0.0 -0.0 1 frame_26.jpg

27 3.708001372615399e-08 0.9999697208404541 3.026586270493681e-08 0.007785132620483637 -0.0 -0.0 -0.0 1 frame_27.jpg

28 5.780141165701025e-08 0.9999619722366333 6.012332676164078e-08 0.008720152080059052 -0.0 -0.0 -0.0 1 frame_28.jpg

29 1.0017561180575285e-07 0.9999530911445618 8.998267020388084e-08 0.009687143377959728 -0.0 -0.0 -0.0 1 frame_29.jpg

30 5.780107414921076e-08 0.9999428987503052 6.024045262620348e-08 0.010686005465686321 -0.0 -0.0 -0.0 1 frame_30.jpg

31 3.731220843405936e-08 0.9999313354492188 6.030195009998351e-08 0.011716427281498909 -0.0 -0.0 -0.0 1 frame_31.jpg

32 1.211298013004125e-07 0.9999183416366577 6.036538025000482e-08 0.012778411619365215 -0.0 -0.0 -0.0 1 frame_32.jpg

33 1.0017543417006891e-07 0.9999037981033325 9.023275282515897e-08 0.013871882110834122 -0.0 -0.0 -0.0 1 frame_33.jpg

34 5.780069756156081e-08 0.9998875856399536 6.049808831676273e-08 0.014996461570262909 -0.0 -0.0 -0.0 1 frame_34.jpg

35 5.7800679797992416e-08 0.9998695850372314 9.036966730491258e-08 0.016152307391166687 -0.0 -0.0 -0.0 1 frame_35.jpg

36 5.8731590257821154e-08 0.9998420476913452 3.086169186872212e-08 0.017773285508155823 -0.0 -0.0 -0.0 1 frame_36.jpg

37 3.731066300360908e-08 0.9998105764389038 6.076482605976707e-08 0.019464654847979546 -0.0 -0.0 -0.0 1 frame_37.jpg

38 3.637877910023235e-08 0.9997752904891968 6.086818160611074e-08 0.02119862101972103 -0.0 -0.0 -0.0 1 frame_38.jpg

39 1.5889060733798033e-08 0.9997360110282898 1.3694045897238993e-09 0.02297479659318924 -0.0 -0.0 -0.0 1 frame_39.jpg

40 5.872920993965636e-08 0.9996926188468933 6.108243155722448e-08 0.024793094024062157 -0.0 -0.0 -0.0 1 frame_40.jpg

41 3.730802689005941e-08 0.9996447563171387 3.139098936344453e-08 0.026653394103050232 -0.0 -0.0 -0.0 1 frame_41.jpg

42 5.77962921965991e-08 0.9995922446250916 9.110899412689832e-08 0.028555287048220634 -0.0 -0.0 -0.0 1 frame_42.jpg

43 5.779537559646997e-08 0.9995347857475281 6.142250441598662e-08 0.030498679727315903 -0.0 -0.0 -0.0 1 frame_43.jpg

44 5.872550090657569e-08 0.9994750022888184 3.173327556282857e-08 0.03239889442920685 -0.0 -0.0 -0.0 1 frame_44.jpg

45 9.97018076986933e-08 0.9994126558303833 6.164638222116992e-08 0.0342683382332325 -0.0 -0.0 -0.0 1 frame_45.jpg

46 7.921163813762178e-08 0.9993454217910767 6.17598061580793e-08 0.036175649613142014 -0.0 -0.0 -0.0 1 frame_46.jpg

47 7.921042310954363e-08 0.9992731809616089 9.16774283155064e-08 0.03812069445848465 -0.0 -0.0 -0.0 1 frame_47.jpg

48 7.734675477877317e-08 0.9991955757141113 3.2192186694146585e-08 0.04010336101055145 -0.0 -0.0 -0.0 1 frame_48.jpg

49 3.823069150143965e-08 0.9991124272346497 2.5107578238703354e-09 0.04212352633476257 -0.0 -0.0 -0.0 1 frame_49.jpg

50 5.871861930017985e-08 0.9990288615226746 3.242847412820993e-08 0.044059980660676956 -0.0 -0.0 -0.0 1 frame_50.jpg

51 7.920640854308658e-08 0.9989641904830933 3.251436453410861e-08 0.04550304636359215 -0.0 -0.0 -0.0 1 frame_51.jpg

52 9.969416225885652e-08 0.9988962411880493 3.260183234488068e-08 0.04697145149111748 -0.0 -0.0 -0.0 1 frame_52.jpg

53 5.871512698263359e-08 0.9988248348236084 3.2690870455098775e-08 0.04846521466970444 -0.0 -0.0 -0.0 1 frame_53.jpg

54 1.5873389713760844e-08 0.9987500309944153 6.258366624933842e-08 0.04998404160141945 -0.0 -0.0 -0.0 1 frame_54.jpg

55 5.685042125946893e-08 0.9986769556999207 6.266966323664747e-08 0.0514226071536541 -0.0 -0.0 -0.0 1 frame_55.jpg

56 4.6169539302809426e-09 -0.9986714720726013 -9.247832366554576e-08 -0.051528796553611755 -0.0 -0.0 -0.0 1 frame_56.jpg

57 5.685024717649867e-08 0.9986659288406372 3.288010930191376e-08 0.051636673510074615 -0.0 -0.0 -0.0 1 frame_57.jpg

58 7.92018965967145e-08 0.9986602663993835 3.288663563694172e-08 0.0517461933195591 -0.0 -0.0 -0.0 1 frame_58.jpg

59 4.617222604252902e-09 -0.9986545443534851 -3.2893257895239e-08 -0.05185737460851669 -0.0 -0.0 -0.0 1 frame_59.jpg

60 1.0155452656590569e-07 0.9987520575523376 6.25810727683529e-08 0.04994283989071846 -0.0 -0.0 -0.0 1 frame_60.jpg

61 5.8715713180390594e-08 0.9988715052604675 3.263289372057443e-08 0.04749433323740959 -0.0 -0.0 -0.0 1 frame_61.jpg

62 1.5877148484833015e-08 0.9989864826202393 9.208918072545202e-08 0.04501144587993622 -0.0 -0.0 -0.0 1 frame_62.jpg

63 5.8720029727510337e-08 0.9991149306297302 3.230945111454275e-08 0.04206259548664093 -0.0 -0.0 -0.0 1 frame_63.jpg

64 7.92129242199735e-08 0.9993543028831482 3.194397635297719e-08 0.035930927842855453 -0.0 -0.0 -0.0 1 frame_64.jpg

65 5.779575218411992e-08 0.9995583891868591 9.11781441459425e-08 0.029715506359934807 -0.0 -0.0 -0.0 1 frame_65.jpg

66 5.779841316666534e-08 0.9997257590293884 3.119809122154038e-08 0.023417165502905846 -0.0 -0.0 -0.0 1 frame_66.jpg

67 5.826695215205291e-08 0.9999071359634399 9.02193235674531e-08 0.013629235327243805 -0.0 -0.0 -0.0 1 frame_67.jpg

68 5.803551772487481e-08 0.9999951124191284 2.998829629063948e-08 0.0031202149111777544 -0.0 -0.0 -0.0 1 frame_68.jpg

69 3.6847563222863755e-08 0.9999717473983765 -4.481885418350373e-10 -0.007519355975091457 -0.0 -0.0 -0.0 1 frame_69.jpg

70 1.0064010069754659e-07 0.9997793436050415 5.835250860286578e-08 -0.02100720815360546 -0.0 -0.0 -0.0 1 frame_70.jpg

71 4.605659853496036e-09 -0.9993821382522583 -5.750964504613876e-08 0.03514821454882622 -0.0 -0.0 -0.0 1 frame_71.jpg

72 7.92037582186822e-08 0.9987766146659851 5.665727798032094e-08 -0.04944877699017525 -0.0 -0.0 -0.0 1 frame_72.jpg

73 3.4486038913428274e-08 0.9978815913200378 5.572699635081335e-08 -0.06505607813596725 -0.0 -0.0 -0.0 1 frame_73.jpg

74 5.681941317448036e-08 0.996725857257843 8.458764000351948e-08 -0.08085493743419647 -0.0 -0.0 -0.0 1 frame_74.jpg

75 5.6797006209308165e-08 0.9953163862228394 2.404026133717707e-08 -0.09667133539915085 -0.0 -0.0 -0.0 1 frame_75.jpg

76 6.049751988257412e-08 0.9937572479248047 2.31525767446783e-08 -0.11156418174505234 -0.0 -0.0 -0.0 1 frame_76.jpg

77 8.282061259023976e-08 0.9919546842575073 5.20590930364051e-08 -0.12659335136413574 -0.0 -0.0 -0.0 1 frame_77.jpg

78 6.044002276439642e-08 0.9901487231254578 8.106083981829215e-08 -0.14001969993114471 -0.0 -0.0 -0.0 1 frame_78.jpg

79 6.043077149797682e-08 0.9896058440208435 2.1230274427352924e-08 -0.14380641281604767 -0.0 -0.0 -0.0 1 frame_79.jpg

80 1.5719100687761056e-08 0.9890420436859131 2.1002145800252947e-08 -0.14763426780700684 -0.0 -0.0 -0.0 1 frame_80.jpg

81 5.296269023347122e-08 0.9884567260742188 -9.030304504165088e-09 -0.15150335431098938 -0.0 -0.0 -0.0 1 frame_81.jpg

82 6.045005562782535e-08 0.9907700419425964 5.152502779992574e-08 -0.1355535089969635 -0.0 -0.0 -0.0 1 frame_82.jpg

83 6.048382772405603e-08 0.9928959608078003 5.2512511672375695e-08 -0.1189860999584198 -0.0 -0.0 -0.0 1 frame_83.jpg

84 3.443645013589958e-08 0.9947614073753357 2.3709304741714732e-08 -0.10222392529249191 -0.0 -0.0 -0.0 1 frame_84.jpg

85 6.055621071254791e-08 0.9974492192268372 5.535011382562516e-08 -0.07137918472290039 -0.0 -0.0 -0.0 1 frame_85.jpg

86 1.588107068073441e-08 0.9992333054542542 -2.333581772262505e-09 -0.03915100544691086 -0.0 -0.0 -0.0 1 frame_86.jpg

87 5.803530811476776e-08 0.9999817609786987 5.9244335659514036e-08 -0.006044826935976744 -0.0 -0.0 -0.0 1 frame_87.jpg

88 3.6375947587430346e-08 0.9995971918106079 6.129629781526091e-08 0.02838119864463806 -0.0 -0.0 -0.0 1 frame_88.jpg

89 7.919184952243086e-08 0.9980273246765137 6.334665414442497e-08 0.06278038024902344 -0.0 -0.0 -0.0 1 frame_89.jpg

90 6.528089180335428e-09 -0.9956204891204834 -5.572249772711757e-09 -0.09348683804273605 -0.0 -0.0 -0.0 1 frame_90.jpg

91 6.047334011327621e-08 0.9922356605529785 3.721546448787194e-08 0.12437185645103455 -0.0 -0.0 -0.0 1 frame_91.jpg

92 9.767911990365974e-08 0.9892710447311401 9.811471102239011e-08 0.14609172940254211 -0.0 -0.0 -0.0 1 frame_92.jpg

93 5.2922310089797975e-08 0.9859154224395752 3.97708710409006e-08 0.16724450886249542 -0.0 -0.0 -0.0 1 frame_93.jpg

94 1.5645230888594597e-08 0.984394371509552 1.0489022095327982e-08 0.17597658932209015 -0.0 -0.0 -0.0 1 frame_94.jpg

95 5.2882150214372814e-08 0.9834114909172058 7.04156946085277e-08 0.18138881027698517 -0.0 -0.0 -0.0 1 frame_95.jpg

96 4.5453312225163245e-08 0.9847948551177979 6.99580553487067e-08 0.17372147738933563 -0.0 -0.0 -0.0 1 frame_96.jpg

97 8.24629964313317e-09 0.9876441359519958 3.914316692998909e-08 0.1567133516073227 -0.0 -0.0 -0.0 1 frame_97.jpg

98 6.046484912758388e-08 0.9917013645172119 6.726759238517843e-08 0.12856297194957733 -0.0 -0.0 -0.0 1 frame_98.jpg

99 7.91694532153997e-08 0.9966184496879578 3.4699937145887816e-08 0.08216837793588638 -0.0 -0.0 -0.0 1 frame_99.jpg

100 7.921723010895221e-08 0.9996247291564941 9.103971621016171e-08 0.027393028140068054 -0.0 -0.0 -0.0 1 frame_100.jpg

101 5.872103514548144e-08 0.9991780519485474 8.699078080098843e-08 -0.040536925196647644 -0.0 -0.0 -0.0 1 frame_101.jpg

102 5.6777722079459636e-08 0.9941021203994751 5.3140656319783375e-08 -0.10844789445400238 -0.0 -0.0 -0.0 1 frame_102.jpg

103 1.5644728179609046e-08 0.9843627214431763 -1.0499569214061921e-08 -0.17615355551242828 -0.0 -0.0 -0.0 1 frame_103.jpg

104 5.2797023641915075e-08 0.978032648563385 1.7377619343506012e-08 -0.20845185220241547 -0.0 -0.0 -0.0 1 frame_104.jpg

105 3.778774626539416e-08 0.9712299108505249 1.5607835024411543e-08 -0.2381439507007599 -0.0 -0.0 -0.0 1 frame_105.jpg

106 1.548326444833492e-08 0.9742034077644348 1.635122970355951e-08 -0.22567181289196014 -0.0 -0.0 -0.0 1 frame_106.jpg

107 1.5532480190927345e-08 0.9772999286651611 1.717446984628168e-08 -0.21186023950576782 -0.0 -0.0 -0.0 1 frame_107.jpg

108 8.263410933295745e-08 0.9802199006080627 1.8005879454108253e-08 -0.19791148602962494 -0.0 -0.0 -0.0 1 frame_108.jpg

109 9.761179597944647e-08 0.9850337505340576 1.952877504152184e-08 -0.1723615527153015 -0.0 -0.0 -0.0 1 frame_109.jpg

110 1.0515152837342612e-07 0.9906432032585144 2.1667640126565857e-08 -0.13647736608982086 -0.0 -0.0 -0.0 1 frame_110.jpg

111 1.0149498308464899e-07 0.9949697256088257 2.383134045658153e-08 -0.10017643868923187 -0.0 -0.0 -0.0 1 frame_111.jpg

112 9.968204750521181e-08 0.9980978965759277 8.573235277253843e-08 -0.0616496242582798 -0.0 -0.0 -0.0 1 frame_112.jpg

113 1.6396975865973218e-07 0.9997621178627014 8.810687290861097e-08 -0.021811898797750473 -0.0 -0.0 -0.0 1 frame_113.jpg

114 9.970978709361589e-08 0.9998429417610168 6.066110103120081e-08 0.01772443577647209 -0.0 -0.0 -0.0 1 frame_114.jpg

115 1.220419818537266e-07 0.9986144304275513 9.254356569954325e-08 0.052623555064201355 -0.0 -0.0 -0.0 1 frame_115.jpg

116 6.0535548129792e-08 0.996149480342865 3.502792722542836e-08 0.08767105638980865 -0.0 -0.0 -0.0 1 frame_116.jpg

117 9.774441878107609e-08 0.9933782815933228 9.625489383324748e-08 0.11488907039165497 -0.0 -0.0 -0.0 1 frame_117.jpg

118 1.8710221638684743e-07 0.9902840852737427 6.789323236944256e-08 0.13905929028987885 -0.0 -0.0 -0.0 1 frame_118.jpg

119 9.764947606072383e-08 0.9874051213264465 9.883716245440155e-08 0.1582123041152954 -0.0 -0.0 -0.0 1 frame_119.jpg

120 1.9447691101959208e-07 0.9855126738548279 6.971370680730615e-08 0.16960187256336212 -0.0 -0.0 -0.0 1 frame_120.jpg

121 1.4229456724024203e-07 0.9837331175804138 7.031177773342279e-08 0.1796361804008484 -0.0 -0.0 -0.0 1 frame_121.jpg

122 9.759622088267861e-08 0.9840652942657471 4.040041901021141e-08 0.17780764400959015 -0.0 -0.0 -0.0 1 frame_122.jpg

123 1.4230506906187657e-07 0.9843955636024475 1.0488601986935464e-08 0.17596955597400665 -0.0 -0.0 -0.0 1 frame_123.jpg

124 1.870464672037997e-07 0.9867779612541199 9.660598543348442e-09 0.16207793354988098 -0.0 -0.0 -0.0 1 frame_124.jpg

125 9.767924780135218e-08 0.9892784953117371 3.8507074862081936e-08 0.14604143798351288 -0.0 -0.0 -0.0 1 frame_125.jpg

126 1.42438125294575e-07 0.9927635192871094 7.157672676783022e-09 0.12008581310510635 -0.0 -0.0 -0.0 1 frame_126.jpg

127 1.2013856576231774e-07 0.9960475564002991 3.509651591571128e-08 0.08882181346416473 -0.0 -0.0 -0.0 1 frame_127.jpg

128 1.201808714768049e-07 0.9987094402313232 3.282950800098661e-08 0.05078773573040962 -0.0 -0.0 -0.0 1 frame_128.jpg

129 1.0017764395797712e-07 0.9999803900718689 8.978012999705243e-08 0.006260450929403305 -0.0 -0.0 -0.0 1 frame_129.jpg

130 5.685863158078064e-08 0.999193549156189 2.740898885633669e-08 -0.040153469890356064 -0.0 -0.0 -0.0 1 frame_130.jpg

131 6.053293333252441e-08 0.9959854483604431 2.446677171974443e-08 -0.08951564133167267 -0.0 -0.0 -0.0 1 frame_131.jpg

132 6.044967193474804e-08 0.9907463192939758 8.131703310709781e-08 -0.1357266902923584 -0.0 -0.0 -0.0 1 frame_132.jpg

133 1.5687968257793727e-08 0.9870833158493042 5.00555330518182e-08 -0.1602076143026352 -0.0 -0.0 -0.0 1 frame_133.jpg

134 1.5619791682297546e-08 0.9827937483787537 1.8792944089796038e-08 -0.1847066879272461 -0.0 -0.0 -0.0 1 frame_134.jpg

135 3.796690606350239e-08 0.982502818107605 4.85034128416828e-08 -0.18624767661094666 -0.0 -0.0 -0.0 1 frame_135.jpg

136 1.565111773516037e-08 0.9847646951675415 7.904218080057035e-08 -0.17389218509197235 -0.0 -0.0 -0.0 1 frame_136.jpg

137 1.5684747722843895e-08 0.9868806004524231 7.978369609418223e-08 -0.1614518016576767 -0.0 -0.0 -0.0 1 frame_137.jpg

138 1.5725857949178135e-08 0.9894675016403198 8.077888224988783e-08 -0.14475512504577637 -0.0 -0.0 -0.0 1 frame_138.jpg

139 1.579316943889353e-08 0.9937025904655457 2.3123629233623433e-08 -0.1120498925447464 -0.0 -0.0 -0.0 1 frame_139.jpg

140 1.584348652272638e-08 0.9968684315681458 8.469356060913924e-08 -0.07907802611589432 -0.0 -0.0 -0.0 1 frame_140.jpg

141 6.474953906376868e-09 -0.9989638924598694 -8.669442053133025e-08 0.04550913721323013 -0.0 -0.0 -0.0 1 frame_141.jpg

142 1.5892316795884653e-08 0.9999408721923828 5.895643440112508e-08 -0.010875108651816845 -0.0 -0.0 -0.0 1 frame_142.jpg

143 1.5888707238786992e-08 0.9997138381004333 9.083267826781594e-08 0.02391943335533142 -0.0 -0.0 -0.0 1 frame_143.jpg

144 1.5869121128275765e-08 0.9984815120697021 3.3085829187484705e-08 0.05508815869688988 -0.0 -0.0 -0.0 1 frame_144.jpg

145 1.5836214117825875e-08 0.9964109659194946 9.445236059946183e-08 0.08464772254228592 -0.0 -0.0 -0.0 1 frame_145.jpg

146 1.5793741425795815e-08 0.99373859167099 1.5567123057280696e-07 0.11173009872436523 -0.0 -0.0 -0.0 1 frame_146.jpg

147 6.595959778366023e-09 -0.9913499355316162 -9.722977267756505e-08 -0.1312452107667923 -0.0 -0.0 -0.0 1 frame_147.jpg

148 8.103767656919558e-10 0.9885662794113159 9.839454406801451e-08 0.15078690648078918 -0.0 -0.0 -0.0 1 frame_148.jpg

149 1.569056529149293e-08 0.9872466325759888 9.889593144407627e-08 0.1591983437538147 -0.0 -0.0 -0.0 1 frame_149.jpg

150 1.5671709263642697e-08 0.9860602021217346 9.93245237168594e-08 0.16638901829719543 -0.0 -0.0 -0.0 1 frame_150.jpg

151 7.742745888883462e-10 0.9862947463989258 9.92413191625019e-08 0.16499298810958862 -0.0 -0.0 -0.0 1 frame_151.jpg

152 3.8044763783773305e-08 0.9874014854431152 6.903619009790418e-08 0.15823523700237274 -0.0 -0.0 -0.0 1 frame_152.jpg

153 8.23957069240322e-10 0.9894208312034607 9.805405198903827e-08 0.14507395029067993 -0.0 -0.0 -0.0 1 frame_153.jpg

154 1.577379826755987e-08 0.9924836158752441 6.68989272867293e-08 0.12237759679555893 -0.0 -0.0 -0.0 1 frame_154.jpg

155 1.5821019161421646e-08 0.9954547882080078 3.547879146026389e-08 0.09523535519838333 -0.0 -0.0 -0.0 1 frame_155.jpg

156 1.5868494074311457e-08 0.9984420537948608 9.273284007349503e-08 0.055799130350351334 -0.0 -0.0 -0.0 1 frame_156.jpg

157 1.58916471093562e-08 0.9998987913131714 9.025494307479676e-08 0.014226668514311314 -0.0 -0.0 -0.0 1 frame_157.jpg

158 4.606611092583535e-09 -0.999322235584259 -8.721283961676818e-08 0.03681137412786484 -0.0 -0.0 -0.0 1 frame_158.jpg

159 2.7946784886268006e-09 -0.9961315393447876 -2.4564620559885952e-08 0.0878741443157196 -0.0 -0.0 -0.0 1 frame_159.jpg

160 6.610252789585047e-09 -0.990450918674469 -5.138720382547035e-08 0.13786578178405762 -0.0 -0.0 -0.0 1 frame_160.jpg

161 1.561086016010904e-08 0.9822317361831665 7.822082892516846e-08 -0.18767233192920685 -0.0 -0.0 -0.0 1 frame_161.jpg

162 1.5523662355576562e-08 0.9767451882362366 7.662751499992737e-08 -0.2144034504890442 -0.0 -0.0 -0.0 1 frame_162.jpg

163 2.179886848807655e-08 -0.9723641276359558 -7.549111558091681e-08 0.23346930742263794 -0.0 -0.0 -0.0 1 frame_163.jpg

164 2.930992160088408e-08 -0.9685599207878113 -1.497386392657063e-08 0.24878036975860596 -0.0 -0.0 -0.0 1 frame_164.jpg

165 1.5503662353921754e-08 0.975486695766449 1.0609278433548752e-07 -0.22005827724933624 -0.0 -0.0 -0.0 1 frame_165.jpg

166 1.5600488012523783e-08 0.9815792441368103 4.821683674549604e-08 -0.19105561077594757 -0.0 -0.0 -0.0 1 frame_166.jpg

167 3.8085136822019194e-08 0.9899412989616394 8.097418202623885e-08 -0.14147871732711792 -0.0 -0.0 -0.0 1 frame_167.jpg

168 1.5850348589196983e-08 0.9973002672195435 8.503011628135937e-08 -0.07343143969774246 -0.0 -0.0 -0.0 1 frame_168.jpg

169 1.5893048654902486e-08 0.9999869465827942 8.9102186962009e-08 -0.005113381892442703 -0.0 -0.0 -0.0 1 frame_169.jpg

170 1.5861619573342978e-08 0.9980093836784363 3.3561324386255365e-08 0.06306551396846771 -0.0 -0.0 -0.0 1 frame_170.jpg

171 6.574988997698483e-09 -0.9926698207855225 -3.700600004208354e-08 -0.12085763365030289 -0.0 -0.0 -0.0 1 frame_171.jpg

172 3.056622333019732e-08 0.9856419563293457 9.947115842123821e-08 0.1688489466905594 -0.0 -0.0 -0.0 1 frame_172.jpg

173 2.3016461625502416e-08 0.9794015884399414 1.0144245266019425e-07 0.20192208886146545 -0.0 -0.0 -0.0 1 frame_173.jpg

174 3.0384700977492685e-08 0.9742205739021301 1.028536260605506e-07 0.22559747099876404 -0.0 -0.0 -0.0 1 frame_174.jpg

175 1.544698768896069e-08 0.9719213843345642 1.0343200784745932e-07 0.23530568182468414 -0.0 -0.0 -0.0 1 frame_175.jpg

176 1.5437306544185958e-08 0.9713121056556702 1.035812786653878e-07 0.2378082573413849 -0.0 -0.0 -0.0 1 frame_176.jpg

177 5.764864696722327e-10 0.9738500714302063 1.029486469406038e-07 0.2271917760372162 -0.0 -0.0 -0.0 1 frame_177.jpg

178 3.044009844188622e-08 0.9777063131332397 1.019225734921747e-07 0.20997709035873413 -0.0 -0.0 -0.0 1 frame_178.jpg

179 3.053779096262588e-08 0.9838531613349915 1.0007487105667678e-07 0.17897775769233704 -0.0 -0.0 -0.0 1 frame_179.jpg

180 1.5734098468556112e-08 0.9899858832359314 9.782115029111083e-08 0.1411665976047516 -0.0 -0.0 -0.0 1 frame_180.jpg

181 1.5827906096888e-08 0.9958882331848145 9.480656615323824e-08 0.09059026837348938 -0.0 -0.0 -0.0 1 frame_181.jpg

182 1.5883809822980766e-08 0.9994056820869446 9.146162227580135e-08 0.03447169065475464 -0.0 -0.0 -0.0 1 frame_182.jpg

183 1.5888012683262787e-08 0.9996702075004578 -1.5307017875443307e-09 -0.025680912658572197 -0.0 -0.0 -0.0 1 frame_183.jpg

184 1.5832563704520908e-08 0.9961811900138855 8.420286690125067e-08 -0.08731009811162949 -0.0 -0.0 -0.0 1 frame_184.jpg

185 1.5732453562122828e-08 0.9898824691772461 8.094968251270984e-08 -0.14188961684703827 -0.0 -0.0 -0.0 1 frame_185.jpg

186 1.559789097882458e-08 0.9814156889915466 4.816687493303107e-08 -0.19189392030239105 -0.0 -0.0 -0.0 1 frame_186.jpg

187 1.5446767420712604e-08 0.9719070196151733 1.5773453654333025e-08 -0.23536530137062073 -0.0 -0.0 -0.0 1 frame_187.jpg

188 1.5390261509651282e-08 0.9683517813682556 7.453027706105786e-08 -0.24958942830562592 -0.0 -0.0 -0.0 1 frame_188.jpg

189 1.53303219008194e-08 0.964580237865448 7.368389276507514e-08 -0.263789564371109 -0.0 -0.0 -0.0 1 frame_189.jpg

190 1.5303852407555496e-08 0.9629148244857788 7.332531737347381e-08 -0.26980555057525635 -0.0 -0.0 -0.0 1 frame_190.jpg

191 1.5447003676172244e-08 0.971921980381012 7.538177015931069e-08 -0.23530353605747223 -0.0 -0.0 -0.0 1 frame_191.jpg

192 1.5570744693604865e-08 0.9797077178955078 7.7460306613375e-08 -0.2004317045211792 -0.0 -0.0 -0.0 1 frame_192.jpg

193 6.04197154530084e-08 0.9888617992401123 5.0733305556605046e-08 -0.1488364189863205 -0.0 -0.0 -0.0 1 frame_193.jpg

194 1.5839590972177575e-08 0.9966233372688293 2.4908247908683734e-08 -0.08210892975330353 -0.0 -0.0 -0.0 1 frame_194.jpg

195 5.780026057777832e-08 0.99984210729599 5.854548135175719e-08 -0.017769742757081985 -0.0 -0.0 -0.0 1 frame_195.jpg

196 1.0156418994711203e-07 0.9993239641189575 9.159833069816159e-08 0.03676499053835869 -0.0 -0.0 -0.0 1 frame_196.jpg

197 6.053038248410303e-08 0.9958245158195496 9.48481826412717e-08 0.09128846973180771 -0.0 -0.0 -0.0 1 frame_197.jpg

198 6.047332590242149e-08 0.9922343492507935 3.721608266005205e-08 0.12438230961561203 -0.0 -0.0 -0.0 1 frame_198.jpg

199 6.040165345666537e-08 0.987725019454956 3.9112737937330166e-08 0.1562027931213379 -0.0 -0.0 -0.0 1 frame_199.jpg

200 1.5639871620010126e-08 0.9840570688247681 1.06008650746503e-08 0.17785300314426422 -0.0 -0.0 -0.0 1 frame_200.jpg

201 1.1245842301832454e-07 0.9816035628318787 1.0078731804696872e-07 0.1909305304288864 -0.0 -0.0 -0.0 1 frame_201.jpg

202 6.026252918900354e-08 0.9789717793464661 4.196141389911645e-08 0.20399567484855652 -0.0 -0.0 -0.0 1 frame_202.jpg

203 1.5559560750944e-08 0.9790040254592896 7.175449923124688e-08 0.2038409560918808 -0.0 -0.0 -0.0 1 frame_203.jpg

204 5.281409443114171e-08 0.9791067242622375 7.17250685511317e-08 0.20334699749946594 -0.0 -0.0 -0.0 1 frame_204.jpg

205 6.027639898320558e-08 0.9798445701599121 7.151135150706978e-08 0.19976145029067993 -0.0 -0.0 -0.0 1 frame_205.jpg

206 5.2861977906104585e-08 0.9821192026138306 7.082582698103579e-08 0.1882602870464325 -0.0 -0.0 -0.0 1 frame_206.jpg

207 5.289603066671589e-08 0.9842617511749268 4.0335446982453504e-08 0.17671653628349304 -0.0 -0.0 -0.0 1 frame_207.jpg

208 5.2941320660693236e-08 0.9871110916137695 3.934123782300958e-08 0.1600363403558731 -0.0 -0.0 -0.0 1 frame_208.jpg

209 9.769676267978866e-08 0.9903809428215027 9.765431485675435e-08 0.1383676677942276 -0.0 -0.0 -0.0 1 frame_209.jpg

210 6.048832545957339e-08 0.9931785464286804 6.655476880723654e-08 0.11660368740558624 -0.0 -0.0 -0.0 1 frame_210.jpg

211 6.053376466752525e-08 0.996037483215332 6.490554937954585e-08 0.08893419802188873 -0.0 -0.0 -0.0 1 frame_211.jpg

212 5.870683494890727e-08 0.9982847571372986 3.329187947542778e-08 0.05854501202702522 -0.0 -0.0 -0.0 1 frame_212.jpg

213 5.779651601756086e-08 0.999606192111969 6.127734053507083e-08 0.028063228353857994 -0.0 -0.0 -0.0 1 frame_213.jpg

214 5.8035343641904547e-08 0.999983549118042 5.9262823981498514e-08 -0.005734838079661131 -0.0 -0.0 -0.0 1 frame_214.jpg

215 5.872115238503284e-08 0.9991856217384338 8.70019647436493e-08 -0.04034937545657158 -0.0 -0.0 -0.0 1 frame_215.jpg

216 6.055203272126164e-08 0.997187077999115 8.493941550113959e-08 -0.07495315372943878 -0.0 -0.0 -0.0 1 frame_216.jpg

217 2.8253628325813906e-09 -0.9942007660865784 -8.299706877323842e-08 0.1075400859117508 -0.0 -0.0 -0.0 1 frame_217.jpg

218 1.0514493453683826e-07 0.9902299046516418 2.149078071056465e-08 -0.1394445151090622 -0.0 -0.0 -0.0 1 frame_218.jpg

219 9.761490105120174e-08 0.9852297306060791 7.920041156239677e-08 -0.17123767733573914 -0.0 -0.0 -0.0 1 frame_219.jpg

220 1.5585726487188367e-08 0.9806503653526306 7.773833488045057e-08 -0.19576714932918549 -0.0 -0.0 -0.0 1 frame_220.jpg

221 9.749764728894661e-08 0.9778526425361633 7.693205361647415e-08 -0.20929428935050964 -0.0 -0.0 -0.0 1 frame_221.jpg

222 1.549378758625153e-08 0.9748655557632446 7.612740660078998e-08 -0.22279414534568787 -0.0 -0.0 -0.0 1 frame_222.jpg

223 8.249853777897442e-08 0.9716888666152954 1.0512688675134996e-07 -0.23626400530338287 -0.0 -0.0 -0.0 1 frame_223.jpg

224 1.5440608791550403e-08 0.9715195894241333 1.5678443432420863e-08 -0.23695935308933258 -0.0 -0.0 -0.0 1 frame_224.jpg

225 1.0490050783573679e-07 0.9748494625091553 7.612322150407635e-08 -0.2228643000125885 -0.0 -0.0 -0.0 1 frame_225.jpg

226 5.279614612163641e-08 0.9779772758483887 4.716446611041647e-08 -0.20871153473854065 -0.0 -0.0 -0.0 1 frame_226.jpg

227 7.519437161818132e-08 0.9809017777442932 1.076159819035638e-07 -0.19450369477272034 -0.0 -0.0 -0.0 1 frame_227.jpg

228 3.8040170124986616e-08 0.9871125221252441 7.986856331854142e-08 -0.16002771258354187 -0.0 -0.0 -0.0 1 frame_228.jpg

229 6.048233558431093e-08 0.9928017258644104 1.1207048089545424e-07 -0.11976924538612366 -0.0 -0.0 -0.0 1 frame_229.jpg

230 6.054670365074344e-08 0.9968519806861877 8.468119006010966e-08 -0.07928542792797089 -0.0 -0.0 -0.0 1 frame_230.jpg

231 5.779565626085059e-08 0.9995520710945129 5.782089118611111e-08 -0.029926368966698647 -0.0 -0.0 -0.0 1 frame_231.jpg

232 1.0064007938126451e-07 0.9997789859771729 6.085774373332242e-08 0.021023601293563843 -0.0 -0.0 -0.0 1 frame_232.jpg

233 1.0153522822520245e-07 0.9975025653839111 9.361684760733624e-08 0.07063010334968567 -0.0 -0.0 -0.0 1 frame_233.jpg

234 5.676061576309621e-08 0.9930263161659241 1.262362303577902e-07 0.1178927794098854 -0.0 -0.0 -0.0 1 frame_234.jpg

235 1.1253717957515619e-07 0.9865601658821106 6.934393326218924e-08 0.16339832544326782 -0.0 -0.0 -0.0 1 frame_235.jpg

236 9.754510443826803e-08 0.9808391332626343 4.141446297012408e-08 0.19481942057609558 -0.0 -0.0 -0.0 1 frame_236.jpg

237 8.998765821388588e-08 0.9741145968437195 1.02880875374467e-07 0.22605474293231964 -0.0 -0.0 -0.0 1 frame_237.jpg

238 1.1228637220028759e-07 0.9707784056663513 1.0371074665727065e-07 0.23997779190540314 -0.0 -0.0 -0.0 1 frame_238.jpg

239 1.0478864709284608e-07 0.9678125977516174 1.0440777487019659e-07 0.2516719400882721 -0.0 -0.0 -0.0 1 frame_239.jpg

240 6.009661746020356e-08 0.9685322642326355 7.443952654284658e-08 0.24888786673545837 -0.0 -0.0 -0.0 1 frame_240.jpg

241 5.2682405993209613e-08 0.9708206057548523 4.409592690990394e-08 0.23980697989463806 -0.0 -0.0 -0.0 1 frame_241.jpg

242 7.511617639011092e-08 0.9759824872016907 7.258945800003858e-08 0.21784895658493042 -0.0 -0.0 -0.0 1 frame_242.jpg

243 6.032204424855081e-08 0.9827159643173218 7.063863449729979e-08 0.1851196438074112 -0.0 -0.0 -0.0 1 frame_243.jpg

244 1.4984392748829123e-07 0.9899460673332214 9.783776988570025e-08 0.1414453387260437 -0.0 -0.0 -0.0 1 frame_244.jpg

245 1.5835853517387477e-08 0.9963882565498352 3.4863639086779585e-08 0.08491477370262146 -0.0 -0.0 -0.0 1 frame_245.jpg

246 5.7798015262733315e-08 0.9997009634971619 3.1259862254273685e-08 0.02445347234606743 -0.0 -0.0 -0.0 1 frame_246.jpg

247 4.6095109951238555e-09 -0.9991397857666016 -8.693521635905199e-08 0.041469018906354904 -0.0 -0.0 -0.0 1 frame_247.jpg

248 5.678496250993703e-08 0.9945583343505859 8.319727129446619e-08 -0.1041814386844635 -0.0 -0.0 -0.0 1 frame_248.jpg

249 9.765413722107041e-08 0.9876996874809265 8.00870125772235e-08 -0.15636275708675385 -0.0 -0.0 -0.0 1 frame_249.jpg

250 1.0495224245232748e-07 0.9781046509742737 7.70024470853059e-08 -0.20811347663402557 -0.0 -0.0 -0.0 1 frame_250.jpg

251 1.5434185485219132e-08 0.9711153507232666 4.5382350322142884e-08 -0.23861050605773926 -0.0 -0.0 -0.0 1 frame_251.jpg

252 7.49576614111902e-08 0.9660086631774902 7.399857793188858e-08 -0.2585098147392273 -0.0 -0.0 -0.0 1 frame_252.jpg

253 3.016653948861858e-08 0.9604942202568054 1.3214346950007894e-08 -0.27830007672309875 -0.0 -0.0 -0.0 1 frame_253.jpg

254 7.483389907747551e-08 0.9582213163375854 1.2753743838800347e-08 -0.2860276699066162 -0.0 -0.0 -0.0 1 frame_254.jpg

255 1.5280271270512458e-08 0.961431086063385 1.0281528517452898e-07 -0.275045782327652 -0.0 -0.0 -0.0 1 frame_255.jpg

256 4.51316068961205e-08 0.9645146131515503 7.366960375065901e-08 -0.26402944326400757 -0.0 -0.0 -0.0 1 frame_256.jpg

257 8.988207156335193e-08 0.9674713015556335 7.432813475816147e-08 -0.2529807388782501 -0.0 -0.0 -0.0 1 frame_257.jpg

258 9.746997875481611e-08 0.9761112332344055 1.6851938511308617e-08 -0.21727141737937927 -0.0 -0.0 -0.0 1 frame_258.jpg

259 9.760343289144657e-08 0.9845084547996521 7.895607012642358e-08 -0.1753370463848114 -0.0 -0.0 -0.0 1 frame_259.jpg

260 1.0516551185446588e-07 0.9915222525596619 8.16621437138565e-08 -0.12993694841861725 -0.0 -0.0 -0.0 1 frame_260.jpg

261 9.968197645093824e-08 0.9980925917625427 2.612270044721754e-08 -0.06173383817076683 -0.0 -0.0 -0.0 1 frame_261.jpg

262 1.2136516147620569e-07 0.999976396560669 8.981657373396956e-08 0.006872064433991909 -0.0 -0.0 -0.0 1 frame_262.jpg

263 1.4250022672968043e-07 0.996671736240387 9.426592839645309e-08 0.08151987940073013 -0.0 -0.0 -0.0 1 frame_263.jpg

264 1.423698847702326e-07 0.9884704947471619 6.86296104390749e-08 0.15141382813453674 -0.0 -0.0 -0.0 1 frame_264.jpg

265 1.7203043967128906e-07 0.9795504212379456 1.1992391968362881e-08 0.20119893550872803 -0.0 -0.0 -0.0 1 frame_265.jpg

266 1.5699431799021113e-07 0.9710588455200195 7.384063849258382e-08 0.23884035646915436 -0.0 -0.0 -0.0 1 frame_266.jpg

267 1.3457525938065373e-07 0.9668241143226624 4.5027906736549994e-08 0.25544294714927673 -0.0 -0.0 -0.0 1 frame_267.jpg

268 1.7926058148987067e-07 0.9656809568405151 1.0488815149756192e-07 0.2597312331199646 -0.0 -0.0 -0.0 1 frame_268.jpg

269 8.244711580118746e-08 0.968453586101532 7.44577732803009e-08 0.24919407069683075 -0.0 -0.0 -0.0 1 frame_269.jpg

270 1.3467639803366183e-07 0.973187267780304 7.331455265102704e-08 0.23001410067081451 -0.0 -0.0 -0.0 1 frame_270.jpg

271 1.0498033020667208e-07 0.979871392250061 1.0130583660838965e-07 0.19962967932224274 -0.0 -0.0 -0.0 1 frame_271.jpg

272 6.78264768794179e-08 0.9861047267913818 6.950644859671229e-08 0.16612473130226135 -0.0 -0.0 -0.0 1 frame_272.jpg

273 1.0517481285887698e-07 0.9921088814735413 9.688016433528901e-08 0.12537936866283417 -0.0 -0.0 -0.0 1 frame_273.jpg

274 1.0151814677783477e-07 0.9964275360107422 9.444070769859536e-08 0.08445224910974503 -0.0 -0.0 -0.0 1 frame_274.jpg

275 9.969593861569592e-08 0.9989717602729797 9.210927487401932e-08 0.04533727467060089 -0.0 -0.0 -0.0 1 frame_275.jpg

276 5.8035293903913043e-08 0.9999802708625793 5.997898000487112e-08 0.006280217785388231 -0.0 -0.0 -0.0 1 frame_276.jpg

277 5.7795467967025616e-08 0.9995405673980713 5.779811473871632e-08 -0.030308600515127182 -0.0 -0.0 -0.0 1 frame_277.jpg

278 5.870604624647058e-08 0.9982354044914246 8.586757616058094e-08 -0.05938110873103142 -0.0 -0.0 -0.0 1 frame_278.jpg

279 1.5831068012062133e-08 0.9960871934890747 2.4534690723498898e-08 -0.08837620913982391 -0.0 -0.0 -0.0 1 frame_279.jpg

280 1.5783591322815482e-08 0.993100106716156 8.241713089773839e-08 -0.11727006733417511 -0.0 -0.0 -0.0 1 frame_280.jpg

281 3.811782534057784e-08 0.9919981360435486 5.207940745322048e-08 -0.12625259160995483 -0.0 -0.0 -0.0 1 frame_281.jpg

282 1.5749796133945893e-08 0.9909733533859253 5.1614129858990054e-08 -0.13405868411064148 -0.0 -0.0 -0.0 1 frame_282.jpg

283 1.5732551261748995e-08 0.9898883700370789 8.095214809600293e-08 -0.14184832572937012 -0.0 -0.0 -0.0 1 frame_283.jpg

284 1.571435248592934e-08 0.9887434244155884 2.0884215246042004e-08 -0.14962095022201538 -0.0 -0.0 -0.0 1 frame_284.jpg

285 6.594380597135796e-09 -0.9914494156837463 -5.182671358738844e-08 0.1304919272661209 -0.0 -0.0 -0.0 1 frame_285.jpg

286 1.58081814305433e-08 0.9946470856666565 8.324797562409003e-08 -0.10333061963319778 -0.0 -0.0 -0.0 1 frame_286.jpg

287 1.5854347168442473e-08 0.9975519180297852 8.52387884719974e-08 -0.06993028521537781 -0.0 -0.0 -0.0 1 frame_287.jpg

288 1.5886115534158307e-08 0.9995505809783936 8.762026482145302e-08 -0.029975850135087967 -0.0 -0.0 -0.0 1 frame_288.jpg

289 1.5892807070372328e-08 0.9999716281890869 8.985585964182974e-08 0.007531178183853626 -0.0 -0.0 -0.0 1 frame_289.jpg

290 1.5883003356975678e-08 0.9993549585342407 9.154751978712738e-08 0.0359124056994915 -0.0 -0.0 -0.0 1 frame_290.jpg

291 1.5860441848758455e-08 0.9979353547096252 9.323512273340384e-08 0.06422580778598785 -0.0 -0.0 -0.0 1 frame_291.jpg

292 1.583830666618269e-08 0.9965426921844482 9.435908054911124e-08 0.0830824002623558 -0.0 -0.0 -0.0 1 frame_292.jpg

293 1.5812693376915377e-08 0.9949310421943665 9.540077883229969e-08 0.10055935382843018 -0.0 -0.0 -0.0 1 frame_293.jpg

294 1.5789895613238514e-08 0.9934965372085571 6.639137239972115e-08 0.11386236548423767 -0.0 -0.0 -0.0 1 frame_294.jpg

295 1.577391195439759e-08 0.992490828037262 6.6895424311042e-08 0.12231908738613129 -0.0 -0.0 -0.0 1 frame_295.jpg

296 1.5756809190747845e-08 0.9914147853851318 9.72005551602706e-08 0.13075469434261322 -0.0 -0.0 -0.0 1 frame_296.jpg

297 6.596433177463723e-09 -0.991320013999939 -7.836276516570706e-09 -0.13147090375423431 -0.0 -0.0 -0.0 1 frame_297.jpg

298 1.5754055837646774e-08 0.9912413954734802 9.727847327667405e-08 0.1320621520280838 -0.0 -0.0 -0.0 1 frame_298.jpg

299 1.5760717175794525e-08 0.9916607141494751 9.708858073054216e-08 0.12887604534626007 -0.0 -0.0 -0.0 1 frame_299.jpg

300 1.5775267314666053e-08 0.9925762414932251 9.665635758437929e-08 0.12162446230649948 -0.0 -0.0 -0.0 1 frame_300.jpg

301 2.837499346597383e-09 -0.9934372901916504 -3.6619798748915855e-08 -0.11437826603651047 -0.0 -0.0 -0.0 1 frame_301.jpg

302 1.5816556953041072e-08 0.9951741695404053 9.525564337309333e-08 0.0981246754527092 -0.0 -0.0 -0.0 1 frame_302.jpg

303 1.5839949796259134e-08 0.996645987033844 9.428465119754037e-08 0.08183392882347107 -0.0 -0.0 -0.0 1 frame_303.jpg

304 1.5865335711851003e-08 0.9982431530952454 9.293854219549758e-08 0.05925007537007332 -0.0 -0.0 -0.0 1 frame_304.jpg

305 1.5885195381315498e-08 0.9994927644729614 9.130517497624169e-08 0.031846579164266586 -0.0 -0.0 -0.0 1 frame_305.jpg

306 1.5893231619656945e-08 0.9999984502792358 8.95127527655859e-08 0.0017746775411069393 -0.0 -0.0 -0.0 1 frame_306.jpg

307 2.6959112275903863e-08 -0.9992743730545044 -1.1693895629605322e-07 0.03808962181210518 -0.0 -0.0 -0.0 1 frame_307.jpg

308 2.885842498301372e-08 -0.9969676733016968 -8.476874313601002e-08 0.07781669497489929 -0.0 -0.0 -0.0 1 frame_308.jpg

309 2.1487268853093155e-08 -0.9919701218605042 -5.2066308597886746e-08 0.12647242844104767 -0.0 -0.0 -0.0 1 frame_309.jpg

310 2.1606100020221675e-08 -0.9844933152198792 -1.9346337865044916e-08 0.1754223108291626 -0.0 -0.0 -0.0 1 frame_310.jpg

311 0.0007198520470410585 -0.9784127473831177 0.00014136472600512207 0.20665903389453888 -0.0 -0.0 -0.0 1 frame_311.jpg

312 0.0018370816251263022 -0.9736286997795105 0.0003608601400628686 0.22813071310520172 -0.0 -0.0 -0.0 1 frame_312.jpg

313 0.003220535349100828 -0.971121609210968 0.0006796264206059277 0.23856227099895477 -0.0 -0.0 -0.0 1 frame_313.jpg

314 0.00553641514852643 -0.9774819612503052 0.0013445446966215968 0.21094191074371338 -0.0 -0.0 -0.0 1 frame_314.jpg

315 0.007842540740966797 -0.9830399751663208 0.00200686976313591 0.18321295082569122 -0.0 -0.0 -0.0 1 frame_315.jpg

316 0.00976970698684454 -0.988967776298523 0.0026747076772153378 0.1477840393781662 -0.0 -0.0 -0.0 1 frame_316.jpg

317 0.0113358860835433 -0.9943866729736328 0.003344631753861904 0.10514522343873978 -0.0 -0.0 -0.0 1 frame_317.jpg

318 0.012877468951046467 -0.9979594349861145 0.00400683656334877 0.0624111108481884 -0.0 -0.0 -0.0 1 frame_318.jpg

319 0.013069634325802326 -0.9994370937347412 0.00444567296653986 0.030576566234230995 -0.0 -0.0 -0.0 1 frame_319.jpg

320 0.012803689576685429 -0.9999034404754639 0.004807233810424805 0.0024644099175930023 -0.0 -0.0 -0.0 1 frame_320.jpg

321 0.012528386898338795 -0.9995809197425842 0.005164145492017269 -0.02558225393295288 -0.0 -0.0 -0.0 1 frame_321.jpg

322 0.011213049292564392 -0.9989238381385803 0.005440650973469019 -0.04467425122857094 -0.0 -0.0 -0.0 1 frame_322.jpg

323 0.009608685970306396 -0.9980616569519043 0.005693431943655014 -0.061222948133945465 -0.0 -0.0 -0.0 1 frame_323.jpg

324 0.008005819283425808 -0.9969260096549988 0.005943978670984507 -0.07771187275648117 -0.0 -0.0 -0.0 1 frame_324.jpg

325 0.005760155618190765 -0.9959513545036316 0.006215239875018597 -0.08949365466833115 -0.0 -0.0 -0.0 1 frame_325.jpg

326 0.00308114942163229 -0.9951533675193787 0.00650065578520298 -0.09807177633047104 -0.0 -0.0 -0.0 1 frame_326.jpg

327 0.00040897639701142907 -0.9942767024040222 0.0067847310565412045 -0.10661913454532623 -0.0 -0.0 -0.0 1 frame_327.jpg

328 0.0025193446781486273 0.9934746026992798 -0.0071007260121405125 0.11380486190319061 -0.0 -0.0 -0.0 1 frame_328.jpg

329 0.006321367342025042 0.9931411147117615 -0.007527076173573732 0.11650809645652771 -0.0 -0.0 -0.0 1 frame_329.jpg

330 0.010112620890140533 0.9927867650985718 -0.007951906882226467 0.11920123547315598 -0.0 -0.0 -0.0 1 frame_330.jpg

331 0.013893049210309982 0.992411732673645 -0.00837548729032278 0.12188424915075302 -0.0 -0.0 -0.0 1 frame_331.jpg

332 0.018810084089636803 0.9924860000610352 -0.009002885781228542 0.12056805938482285 -0.0 -0.0 -0.0 1 frame_332.jpg

333 0.024071937426924706 0.992673933506012 -0.00969239417463541 0.11800459772348404 -0.0 -0.0 -0.0 1 frame_333.jpg

334 0.029316771775484085 0.9928269386291504 -0.010379485785961151 0.11544489115476608 -0.0 -0.0 -0.0 1 frame_334.jpg

335 0.03517686203122139 0.9931136965751648 -0.011194937862455845 0.11118633300065994 -0.0 -0.0 -0.0 1 frame_335.jpg

336 0.04262283444404602 0.9937323331832886 -0.012339618057012558 0.10260125249624252 -0.0 -0.0 -0.0 1 frame_336.jpg

337 0.05004012584686279 0.9942197203636169 -0.013479137793183327 0.09402941912412643 -0.0 -0.0 -0.0 1 frame_337.jpg

338 0.05742761120200157 0.9945768117904663 -0.014613385312259197 0.08547239750623703 -0.0 -0.0 -0.0 1 frame_338.jpg

339 0.0678173303604126 0.9951305985450745 -0.016433533281087875 0.06961197406053543 -0.0 -0.0 -0.0 1 frame_339.jpg

340 0.07854995131492615 0.9953418970108032 -0.018333226442337036 0.05280444398522377 -0.0 -0.0 -0.0 1 frame_340.jpg

341 0.0892154797911644 0.9951550364494324 -0.020219173282384872 0.03603167086839676 -0.0 -0.0 -0.0 1 frame_341.jpg

342 0.10292835533618927 0.9943550229072571 -0.022876769304275513 0.011853421106934547 -0.0 -0.0 -0.0 1 frame_342.jpg

343 0.11825906485319138 0.9925072193145752 -0.025947662070393562 -0.016459183767437935 -0.0 -0.0 -0.0 1 frame_343.jpg

344 0.13341253995895386 0.9896298050880432 -0.02898085117340088 -0.044655438512563705 -0.0 -0.0 -0.0 1 frame_344.jpg

345 0.15128587186336517 0.9846838116645813 -0.03283456712961197 -0.08020176738500595 -0.0 -0.0 -0.0 1 frame_345.jpg

346 0.17091552913188934 0.9771315455436707 -0.037235841155052185 -0.12089389562606812 -0.0 -0.0 -0.0 1 frame_346.jpg

347 0.1901155710220337 0.9675478339195251 -0.04154305160045624 -0.16118738055229187 -0.0 -0.0 -0.0 1 frame_347.jpg

348 0.204140767455101 0.959259033203125 -0.044539857655763626 -0.190170556306839 -0.0 -0.0 -0.0 1 frame_348.jpg

349 0.21534684300422668 0.9518861770629883 -0.046822890639305115 -0.21294613182544708 -0.0 -0.0 -0.0 1 frame_349.jpg

350 0.22635877132415771 0.9438758492469788 -0.04906422644853592 -0.23548440635204315 -0.0 -0.0 -0.0 1 frame_350.jpg

351 0.22653497755527496 0.945193350315094 -0.047802455723285675 -0.2302311509847641 -0.0 -0.0 -0.0 1 frame_351.jpg

352 0.22051997482776642 0.9516485333442688 -0.044546134769916534 -0.2091692090034485 -0.0 -0.0 -0.0 1 frame_352.jpg

353 0.21441200375556946 0.9575749039649963 -0.04127902910113335 -0.1880793422460556 -0.0 -0.0 -0.0 1 frame_353.jpg

354 0.2030039280653 0.966545820236206 -0.035955339670181274 -0.15259702503681183 -0.0 -0.0 -0.0 1 frame_354.jpg

355 0.18930093944072723 0.9751091599464417 -0.029811594635248184 -0.11152853816747665 -0.0 -0.0 -0.0 1 frame_355.jpg

356 0.175279438495636 0.9817136526107788 -0.02363378182053566 -0.07040471583604813 -0.0 -0.0 -0.0 1 frame_356.jpg

357 0.16572128236293793 0.9852072596549988 -0.01886281557381153 -0.03933689370751381 -0.0 -0.0 -0.0 1 frame_357.jpg

358 0.156669482588768 0.9875000715255737 -0.014283956028521061 -0.0097065269947052 -0.0 -0.0 -0.0 1 frame_358.jpg

359 0.14750348031520844 0.9888155460357666 -0.009710966609418392 0.019804934039711952 -0.0 -0.0 -0.0 1 frame_359.jpg

360 0.14295437932014465 0.9889456629753113 -0.00679412204772234 0.03878594934940338 -0.0 -0.0 -0.0 1 frame_360.jpg

361 0.13890239596366882 0.988684356212616 -0.004072126466780901 0.05650459975004196 -0.0 -0.0 -0.0 1 frame_361.jpg

362 0.13482190668582916 0.9880924820899963 -0.00136100803501904 0.07412436604499817 -0.0 -0.0 -0.0 1 frame_362.jpg

363 0.1334482878446579 0.9873409867286682 0.0003185622044838965 0.08572771400213242 -0.0 -0.0 -0.0 1 frame_363.jpg

364 0.13332635164260864 0.986551821231842 0.0015195675659924746 0.09453731775283813 -0.0 -0.0 -0.0 1 frame_364.jpg

365 0.13319449126720428 0.9856880903244019 0.0027151168324053288 0.10329993814229965 -0.0 -0.0 -0.0 1 frame_365.jpg

366 0.1337442249059677 0.9848179817199707 0.0036370304878801107 0.11060205101966858 -0.0 -0.0 -0.0 1 frame_366.jpg

367 0.13667446374893188 0.9841436147689819 0.0036305903922766447 0.11299677193164825 -0.0 -0.0 -0.0 1 frame_367.jpg

368 0.13959288597106934 0.9834570288658142 0.003624177537858486 0.1153818815946579 -0.0 -0.0 -0.0 1 frame_368.jpg

369 0.14249905943870544 0.9827584624290466 0.0036178503651171923 0.11775706708431244 -0.0 -0.0 -0.0 1 frame_369.jpg

370 0.1468951553106308 0.9821657538414001 0.0030196085572242737 0.11731608211994171 -0.0 -0.0 -0.0 1 frame_370.jpg

371 0.15247274935245514 0.9816368818283081 0.0019482445204630494 0.11461810767650604 -0.0 -0.0 -0.0 1 frame_371.jpg

372 0.15801647305488586 0.9810718297958374 0.0008821551455184817 0.11192896217107773 -0.0 -0.0 -0.0 1 frame_372.jpg

373 0.16352517902851105 0.9804713129997253 -0.00017844965623226017 0.10924948006868362 -0.0 -0.0 -0.0 1 frame_373.jpg

374 0.17094293236732483 0.9798576235771179 -0.0020150779746472836 0.10321598500013351 -0.0 -0.0 -0.0 1 frame_374.jpg

375 0.17904920876026154 0.9791452884674072 -0.004142040386795998 0.09591024369001389 -0.0 -0.0 -0.0 1 frame_375.jpg

376 0.18708986043930054 0.9783161878585815 -0.0062570529989898205 0.08863198012113571 -0.0 -0.0 -0.0 1 frame_376.jpg

377 0.19506517052650452 0.9773723483085632 -0.008360141888260841 0.08138133585453033 -0.0 -0.0 -0.0 1 frame_377.jpg

378 0.20503510534763336 0.9761354923248291 -0.011323807761073112 0.07065389305353165 -0.0 -0.0 -0.0 1 frame_378.jpg

379 0.21550655364990234 0.9746140241622925 -0.014525414444506168 0.05893639475107193 -0.0 -0.0 -0.0 1 frame_379.jpg

380 0.2258644700050354 0.9728502035140991 -0.017705440521240234 0.04726862534880638 -0.0 -0.0 -0.0 1 frame_380.jpg

381 0.23610500991344452 0.9708490371704102 -0.0208625216037035 0.03565635532140732 -0.0 -0.0 -0.0 1 frame_381.jpg

382 0.2477957159280777 0.9682629704475403 -0.024739744141697884 0.021263841539621353 -0.0 -0.0 -0.0 1 frame_382.jpg

383 0.259938508272171 0.9651756882667542 -0.028877045959234238 0.005831063725054264 -0.0 -0.0 -0.0 1 frame_383.jpg

384 0.27190253138542175 0.9617125391960144 -0.03297785297036171 -0.009511827491223812 -0.0 -0.0 -0.0 1 frame_384.jpg

385 0.2836854159832001 0.9578818082809448 -0.03704079985618591 -0.02475932240486145 -0.0 -0.0 -0.0 1 frame_385.jpg

386 0.2957385182380676 0.9534904956817627 -0.04137788712978363 -0.041017867624759674 -0.0 -0.0 -0.0 1 frame_386.jpg

387 0.3080090880393982 0.9484876394271851 -0.04596628248691559 -0.0582130029797554 -0.0 -0.0 -0.0 1 frame_387.jpg

388 0.3200537860393524 0.9430528879165649 -0.050503868609666824 -0.07527365535497665 -0.0 -0.0 -0.0 1 frame_388.jpg

389 0.3318678140640259 0.9371985197067261 -0.054988302290439606 -0.0921897441148758 -0.0 -0.0 -0.0 1 frame_389.jpg

390 0.3433685898780823 0.9309913516044617 -0.05936063453555107 -0.10876332968473434 -0.0 -0.0 -0.0 1 frame_390.jpg

391 0.3507533073425293 0.9272878170013428 -0.06085202842950821 -0.1157863512635231 -0.0 -0.0 -0.0 1 frame_391.jpg

392 0.3580473065376282 0.9234989285469055 -0.06232620030641556 -0.12274893373250961 -0.0 -0.0 -0.0 1 frame_392.jpg

393 0.3652505576610565 0.9196273684501648 -0.06378324329853058 -0.12965047359466553 -0.0 -0.0 -0.0 1 frame_393.jpg

394 0.37236288189888 0.9156758189201355 -0.06522312760353088 -0.13649053871631622 -0.0 -0.0 -0.0 1 frame_394.jpg

395 0.37938398122787476 0.9116471409797668 -0.06664568185806274 -0.14326786994934082 -0.0 -0.0 -0.0 1 frame_395.jpg

396 0.3801029324531555 0.913541316986084 -0.06158197671175003 -0.13104093074798584 -0.0 -0.0 -0.0 1 frame_396.jpg

397 0.38069993257522583 0.9153026342391968 -0.056493282318115234 -0.11873132735490799 -0.0 -0.0 -0.0 1 frame_397.jpg

398 0.38122454285621643 0.916887640953064 -0.05143082141876221 -0.10648821294307709 -0.0 -0.0 -0.0 1 frame_398.jpg

399 0.3816782534122467 0.9182994365692139 -0.04639596864581108 -0.09431488811969757 -0.0 -0.0 -0.0 1 frame_399.jpg

400 0.37825947999954224 0.921789824962616 -0.03908250480890274 -0.07547076791524887 -0.0 -0.0 -0.0 1 frame_400.jpg

401 0.3740876615047455 0.9251872897148132 -0.031439971178770065 -0.05566292628645897 -0.0 -0.0 -0.0 1 frame_401.jpg

402 0.36976951360702515 0.9281206130981445 -0.023839684203267097 -0.035977061837911606 -0.0 -0.0 -0.0 1 frame_402.jpg

403 0.3653116524219513 0.9305979013442993 -0.01628604717552662 -0.016424015164375305 -0.0 -0.0 -0.0 1 frame_403.jpg

404 0.3607124090194702 0.9326228499412537 -0.010054378770291805 -0.0002668197266757488 -0.0 -0.0 -0.0 1 frame_404.jpg

405 0.35603684186935425 0.934350848197937 -0.004407494328916073 0.014384853653609753 -0.0 -0.0 -0.0 1 frame_405.jpg

406 0.3513038456439972 0.9358141422271729 0.001194657408632338 0.028913456946611404 -0.0 -0.0 -0.0 1 frame_406.jpg

407 0.3465162515640259 0.9370189309120178 0.006751330569386482 0.04331748187541962 -0.0 -0.0 -0.0 1 frame_407.jpg

408 0.3417280912399292 0.9380677342414856 0.011610420420765877 0.055822115391492844 -0.0 -0.0 -0.0 1 frame_408.jpg

409 0.3370007276535034 0.939103364944458 0.01539695356041193 0.06540898233652115 -0.0 -0.0 -0.0 1 frame_409.jpg

410 0.3322708308696747 0.9400098919868469 0.019149066880345345 0.07490533590316772 -0.0 -0.0 -0.0 1 frame_410.jpg

411 0.3275396525859833 0.9407904148101807 0.02286655269563198 0.08431064337491989 -0.0 -0.0 -0.0 1 frame_411.jpg

412 0.3228093683719635 0.9414477944374084 0.02654869109392166 0.09362350404262543 -0.0 -0.0 -0.0 1 frame_412.jpg

413 0.3180977702140808 0.9423887729644775 0.029018111526966095 0.09937383979558945 -0.0 -0.0 -0.0 1 frame_413.jpg

414 0.3134121894836426 0.9433273673057556 0.0312834233045578 0.10453561693429947 -0.0 -0.0 -0.0 1 frame_414.jpg

415 0.3087526261806488 0.9442065358161926 0.03352627903223038 0.10964435338973999 -0.0 -0.0 -0.0 1 frame_415.jpg

416 0.304120272397995 0.9450275301933289 0.03574640303850174 0.11469969153404236 -0.0 -0.0 -0.0 1 frame_416.jpg

417 0.299475759267807 0.9458808898925781 0.037777047604322433 0.11914905905723572 -0.0 -0.0 -0.0 1 frame_417.jpg

418 0.29463791847229004 0.9471924901008606 0.038847509771585464 0.12043985724449158 -0.0 -0.0 -0.0 1 frame_418.jpg

419 0.2898392975330353 0.9484651684761047 0.039906419813632965 0.12171471863985062 -0.0 -0.0 -0.0 1 frame_419.jpg

420 0.2850801944732666 0.9496996998786926 0.0409538559615612 0.12297380715608597 -0.0 -0.0 -0.0 1 frame_420.jpg

421 0.28036144375801086 0.950896680355072 0.04198966175317764 0.12421688437461853 -0.0 -0.0 -0.0 1 frame_421.jpg

422 0.2754930555820465 0.952269971370697 0.04272652789950371 0.12433811277151108 -0.0 -0.0 -0.0 1 frame_422.jpg

423 0.2701844573020935 0.9541342258453369 0.04273004084825516 0.12166550010442734 -0.0 -0.0 -0.0 1 frame_423.jpg

424 0.2649223804473877 0.9559419751167297 0.04273201525211334 0.11901684105396271 -0.0 -0.0 -0.0 1 frame_424.jpg

425 0.2597065269947052 0.9576948285102844 0.04273233190178871 0.11639201641082764 -0.0 -0.0 -0.0 1 frame_425.jpg

426 0.2545386850833893 0.959393322467804 0.04273105412721634 0.11379183083772659 -0.0 -0.0 -0.0 1 frame_426.jpg

427 0.24900028109550476 0.9613544940948486 0.04235680401325226 0.10955484211444855 -0.0 -0.0 -0.0 1 frame_427.jpg

428 0.24268783628940582 0.9638316631317139 0.041259922087192535 0.10212130844593048 -0.0 -0.0 -0.0 1 frame_428.jpg

429 0.23642303049564362 0.9661834836006165 0.04017142206430435 0.09476248174905777 -0.0 -0.0 -0.0 1 frame_429.jpg

430 0.2302090972661972 0.968412458896637 0.03909186273813248 0.0874812975525856 -0.0 -0.0 -0.0 1 frame_430.jpg

431 0.2240469753742218 0.9705219268798828 0.03802139312028885 0.08027833700180054 -0.0 -0.0 -0.0 1 frame_431.jpg

432 0.21715682744979858 0.9729079604148865 0.036427564918994904 0.0704694464802742 -0.0 -0.0 -0.0 1 frame_432.jpg

433 0.20912480354309082 0.9756494164466858 0.03404143452644348 0.05671261250972748 -0.0 -0.0 -0.0 1 frame_433.jpg

434 0.201139897108078 0.9781004190444946 0.03167659416794777 0.04311535507440567 -0.0 -0.0 -0.0 1 frame_434.jpg

435 0.19320498406887054 0.9802706241607666 0.029333770275115967 0.0296798013150692 -0.0 -0.0 -0.0 1 frame_435.jpg

436 0.1853247433900833 0.9821688532829285 0.027013864368200302 0.016410691663622856 -0.0 -0.0 -0.0 1 frame_436.jpg

437 0.17620308697223663 0.9840625524520874 0.02391982078552246 -0.0011182442540302873 -0.0 -0.0 -0.0 1 frame_437.jpg

438 0.16591575741767883 0.9856778979301453 0.02011886239051819 -0.02250003255903721 -0.0 -0.0 -0.0 1 frame_438.jpg

439 0.1556740403175354 0.9867112040519714 0.016358135268092155 -0.043578069657087326 -0.0 -0.0 -0.0 1 frame_439.jpg

440 0.14548993110656738 0.9871847629547119 0.01264115795493126 -0.06433649361133575 -0.0 -0.0 -0.0 1 frame_440.jpg

441 0.13537397980690002 0.9871214628219604 0.00897082220762968 -0.0847621038556099 -0.0 -0.0 -0.0 1 frame_441.jpg

442 0.12419263273477554 0.9861793518066406 0.0046086846850812435 -0.10956808179616928 -0.0 -0.0 -0.0 1 frame_442.jpg

443 0.11253003776073456 0.9842722415924072 -4.742375676869415e-05 -0.1361805498600006 -0.0 -0.0 -0.0 1 frame_443.jpg

444 0.10094791650772095 0.981557309627533 -0.0046331072226166725 -0.16227556765079498 -0.0 -0.0 -0.0 1 frame_444.jpg

445 0.08946105092763901 0.9780752658843994 -0.009144316427409649 -0.18783481419086456 -0.0 -0.0 -0.0 1 frame_445.jpg

446 0.07808439433574677 0.9738673567771912 -0.013577026315033436 -0.21284009516239166 -0.0 -0.0 -0.0 1 frame_446.jpg

447 0.06731248646974564 0.9688680768013 -0.017839178442955017 -0.23758237063884735 -0.0 -0.0 -0.0 1 frame_447.jpg

448 0.056954558938741684 0.9631591439247131 -0.02196432463824749 -0.26191267371177673 -0.0 -0.0 -0.0 1 frame_448.jpg

449 0.046728815883398056 0.9568426012992859 -0.02600424736738205 -0.28564387559890747 -0.0 -0.0 -0.0 1 frame_449.jpg

450 0.036646198481321335 0.9499601125717163 -0.029956204816699028 -0.30876436829566956 -0.0 -0.0 -0.0 1 frame_450.jpg

451 0.02671639993786812 0.9425520300865173 -0.03381820395588875 -0.3312675952911377 -0.0 -0.0 -0.0 1 frame_451.jpg

452 0.01694886013865471 0.9346594214439392 -0.03758801892399788 -0.35314545035362244 -0.0 -0.0 -0.0 1 frame_452.jpg

453 0.014751403592526913 0.9328012466430664 -0.03843217343091965 -0.3580324947834015 -0.0 -0.0 -0.0 1 frame_453.jpg

454 0.014751403592526913 0.9328012466430664 -0.03843217343091965 -0.3580324947834015 -0.0 -0.0 -0.0 1 frame_454.jpg

455 0.014751403592526913 0.9328012466430664 -0.03843217343091965 -0.3580324947834015 -0.0 -0.0 -0.0 1 frame_455.jpg

456 0.014751403592526913 0.9328012466430664 -0.03843217343091965 -0.3580324947834015 -0.0 -0.0 -0.0 1 frame_456.jpg

457 0.014751403592526913 0.9328012466430664 -0.03843217343091965 -0.3580324947834015 -0.0 -0.0 -0.0 1 frame_457.jpg

458 0.014751403592526913 0.9328012466430664 -0.03843217343091965 -0.3580324947834015 -0.0 -0.0 -0.0 1 frame_458.jpg

459 0.014751403592526913 0.9328012466430664 -0.03843217343091965 -0.3580324947834015 -0.0 -0.0 -0.0 1 frame_459.jpg

460 0.014751403592526913 0.9328012466430664 -0.03843217343091965 -0.3580324947834015 -0.0 -0.0 -0.0 1 frame_460.jpg

461 0.014751403592526913 0.9328012466430664 -0.03843217343091965 -0.3580324947834015 -0.0 -0.0 -0.0 1 frame_461.jpg

462 0.014751403592526913 0.9328012466430664 -0.03843217343091965 -0.3580324947834015 -0.0 -0.0 -0.0 1 frame_462.jpg

463 0.014751403592526913 0.9328012466430664 -0.03843217343091965 -0.3580324947834015 -0.0 -0.0 -0.0 1 frame_463.jpg

464 0.014751403592526913 0.9328012466430664 -0.03843217343091965 -0.3580324947834015 -0.0 -0.0 -0.0 1 frame_464.jpg

465 0.014751403592526913 0.9328012466430664 -0.03843217343091965 -0.3580324947834015 -0.0 -0.0 -0.0 1 frame_465.jpg

466 0.014751403592526913 0.9328012466430664 -0.03843217343091965 -0.3580324947834015 -0.0 -0.0 -0.0 1 frame_466.jpg

467 0.014751403592526913 0.9328012466430664 -0.03843217343091965 -0.3580324947834015 -0.0 -0.0 -0.0 1 frame_467.jpg

468 0.014751403592526913 0.9328012466430664 -0.03843217343091965 -0.3580324947834015 -0.0 -0.0 -0.0 1 frame_468.jpg

469 0.014751403592526913 0.9328012466430664 -0.03843217343091965 -0.3580324947834015 -0.0 -0.0 -0.0 1 frame_469.jpg

470 0.014751403592526913 0.9328012466430664 -0.03843217343091965 -0.3580324947834015 -0.0 -0.0 -0.0 1 frame_470.jpg

471 0.014751403592526913 0.9328012466430664 -0.03843217343091965 -0.3580324947834015 -0.0 -0.0 -0.0 1 frame_471.jpg

472 0.014751403592526913 0.9328012466430664 -0.03843217343091965 -0.3580324947834015 -0.0 -0.0 -0.0 1 frame_472.jpg

473 0.014751403592526913 0.9328012466430664 -0.03843217343091965 -0.3580324947834015 -0.0 -0.0 -0.0 1 frame_473.jpg

474 0.014751403592526913 0.9328012466430664 -0.03843217343091965 -0.3580324947834015 -0.0 -0.0 -0.0 1 frame_474.jpg

475 0.014751403592526913 0.9328012466430664 -0.03843217343091965 -0.3580324947834015 -0.0 -0.0 -0.0 1 frame_475.jpg

476 0.014751403592526913 0.9328012466430664 -0.03843217343091965 -0.3580324947834015 -0.0 -0.0 -0.0 1 frame_476.jpg

477 0.014751403592526913 0.9328012466430664 -0.03843217343091965 -0.3580324947834015 -0.0 -0.0 -0.0 1 frame_477.jpg

478 0.014751403592526913 0.9328012466430664 -0.03843217343091965 -0.3580324947834015 -0.0 -0.0 -0.0 1 frame_478.jpg

479 0.014751403592526913 0.9328012466430664 -0.03843217343091965 -0.3580324947834015 -0.0 -0.0 -0.0 1 frame_479.jpg

480 0.014751403592526913 0.9328012466430664 -0.03843217343091965 -0.3580324947834015 -0.0 -0.0 -0.0 1 frame_480.jpg

481 0.014751403592526913 0.9328012466430664 -0.03843217343091965 -0.3580324947834015 -0.0 -0.0 -0.0 1 frame_481.jpg

482 0.014751403592526913 0.9328012466430664 -0.03843217343091965 -0.3580324947834015 -0.0 -0.0 -0.0 1 frame_482.jpg

483 0.014751403592526913 0.9328012466430664 -0.03843217343091965 -0.3580324947834015 -0.0 -0.0 -0.0 1 frame_483.jpg

484 0.014751403592526913 0.9328012466430664 -0.03843217343091965 -0.3580324947834015 -0.0 -0.0 -0.0 1 frame_484.jpg

485 0.014751403592526913 0.9328012466430664 -0.03843217343091965 -0.3580324947834015 -0.0 -0.0 -0.0 1 frame_485.jpg

486 0.014751403592526913 0.9328012466430664 -0.03843217343091965 -0.3580324947834015 -0.0 -0.0 -0.0 1 frame_486.jpg

487 0.014751403592526913 0.9328012466430664 -0.03843217343091965 -0.3580324947834015 -0.0 -0.0 -0.0 1 frame_487.jpg

488 0.014751403592526913 0.9328012466430664 -0.03843217343091965 -0.3580324947834015 -0.0 -0.0 -0.0 1 frame_488.jpg

489 0.014751403592526913 0.9328012466430664 -0.03843217343091965 -0.3580324947834015 -0.0 -0.0 -0.0 1 frame_489.jpg

490 0.014751403592526913 0.9328012466430664 -0.03843217343091965 -0.3580324947834015 -0.0 -0.0 -0.0 1 frame_490.jpg

491 0.014751403592526913 0.9328012466430664 -0.03843217343091965 -0.3580324947834015 -0.0 -0.0 -0.0 1 frame_491.jpg

492 0.014751403592526913 0.9328012466430664 -0.03843217343091965 -0.3580324947834015 -0.0 -0.0 -0.0 1 frame_492.jpg

493 0.014751403592526913 0.9328012466430664 -0.03843217343091965 -0.3580324947834015 -0.0 -0.0 -0.0 1 frame_493.jpg

494 0.014751403592526913 0.9328012466430664 -0.03843217343091965 -0.3580324947834015 -0.0 -0.0 -0.0 1 frame_494.jpg

495 0.014751403592526913 0.9328012466430664 -0.03843217343091965 -0.3580324947834015 -0.0 -0.0 -0.0 1 frame_495.jpg

496 0.014751403592526913 0.9328012466430664 -0.03843217343091965 -0.3580324947834015 -0.0 -0.0 -0.0 1 frame_496.jpg

497 0.014751403592526913 0.9328012466430664 -0.03843217343091965 -0.3580324947834015 -0.0 -0.0 -0.0 1 frame_497.jpg

498 0.014751403592526913 0.9328012466430664 -0.03843217343091965 -0.3580324947834015 -0.0 -0.0 -0.0 1 frame_498.jpg

499 0.014751403592526913 0.9328012466430664 -0.03843217343091965 -0.3580324947834015 -0.0 -0.0 -0.0 1 frame_499.jpg

500 0.014751403592526913 0.9328012466430664 -0.03843217343091965 -0.3580324947834015 -0.0 -0.0 -0.0 1 frame_500.jpg

